  0.00000D+00 0.00000D+00     0
  0.45244D+00 0.19910D-01     1
  0.45245D+00 0.19898D-01     2
  0.45246D+00 0.19894D-01     3
  0.45246D+00 0.19894D-01     4
  0.45245D+00 0.19901D-01     5
  0.45244D+00 0.19912D-01     6
  0.45242D+00 0.19929D-01     7
  0.45240D+00 0.19952D-01     8
  0.45238D+00 0.19979D-01     9
  0.45235D+00 0.20010D-01    10
  0.45231D+00 0.20047D-01    11
  0.45227D+00 0.20087D-01    12
  0.45222D+00 0.20133D-01    13
  0.45217D+00 0.20183D-01    14
  0.45212D+00 0.20237D-01    15
  0.45206D+00 0.20296D-01    16
  0.45200D+00 0.20359D-01    17
  0.45193D+00 0.20427D-01    18
  0.45186D+00 0.20499D-01    19
  0.45178D+00 0.20576D-01    20
  0.45170D+00 0.20656D-01    21
  0.45162D+00 0.20739D-01    22
  0.45154D+00 0.20825D-01    23
  0.45145D+00 0.20914D-01    24
  0.45136D+00 0.21005D-01    25
  0.45126D+00 0.21099D-01    26
  0.45116D+00 0.21195D-01    27
  0.45106D+00 0.21293D-01    28
  0.45096D+00 0.21393D-01    29
  0.45086D+00 0.21495D-01    30
  0.45075D+00 0.21598D-01    31
  0.45065D+00 0.21702D-01    32
  0.45054D+00 0.21808D-01    33
  0.45043D+00 0.21914D-01    34
  0.45032D+00 0.22021D-01    35
  0.45021D+00 0.22129D-01    36
  0.45010D+00 0.22238D-01    37
  0.44998D+00 0.22346D-01    38
  0.44987D+00 0.22455D-01    39
  0.44976D+00 0.22564D-01    40
  0.44965D+00 0.22673D-01    41
  0.44953D+00 0.22781D-01    42
  0.44942D+00 0.22889D-01    43
  0.44931D+00 0.22996D-01    44
  0.44920D+00 0.23103D-01    45
  0.44909D+00 0.23208D-01    46
  0.44898D+00 0.23313D-01    47
  0.44888D+00 0.23416D-01    48
  0.44877D+00 0.23518D-01    49
  0.44867D+00 0.23619D-01    50
  0.44856D+00 0.23719D-01    51
  0.44846D+00 0.23817D-01    52
  0.44836D+00 0.23913D-01    53
  0.44827D+00 0.24008D-01    54
  0.44817D+00 0.24101D-01    55
  0.44808D+00 0.24192D-01    56
  0.44799D+00 0.24282D-01    57
  0.44790D+00 0.24369D-01    58
  0.44781D+00 0.24455D-01    59
  0.44773D+00 0.24539D-01    60
  0.44765D+00 0.24622D-01    61
  0.44757D+00 0.24702D-01    62
  0.44749D+00 0.24781D-01    63
  0.44741D+00 0.24857D-01    64
  0.44734D+00 0.24931D-01    65
  0.44727D+00 0.25003D-01    66
  0.44720D+00 0.25072D-01    67
  0.44714D+00 0.25139D-01    68
  0.44708D+00 0.25204D-01    69
  0.44702D+00 0.25267D-01    70
  0.44696D+00 0.25328D-01    71
  0.44690D+00 0.25386D-01    72
  0.44685D+00 0.25442D-01    73
  0.44680D+00 0.25496D-01    74
  0.44675D+00 0.25548D-01    75
  0.44670D+00 0.25598D-01    76
  0.44665D+00 0.25646D-01    77
  0.44661D+00 0.25693D-01    78
  0.44657D+00 0.25737D-01    79
  0.44653D+00 0.25780D-01    80
  0.44649D+00 0.25820D-01    81
  0.44646D+00 0.25859D-01    82
  0.44642D+00 0.25897D-01    83
  0.44639D+00 0.25933D-01    84
  0.44636D+00 0.25967D-01    85
  0.44633D+00 0.26000D-01    86
  0.44631D+00 0.26032D-01    87
  0.44628D+00 0.26062D-01    88
  0.44625D+00 0.26091D-01    89
  0.44623D+00 0.26118D-01    90
  0.44621D+00 0.26145D-01    91
  0.44619D+00 0.26170D-01    92
  0.44617D+00 0.26195D-01    93
  0.44615D+00 0.26218D-01    94
  0.44613D+00 0.26241D-01    95
  0.44611D+00 0.26262D-01    96
  0.44609D+00 0.26283D-01    97
  0.44608D+00 0.26303D-01    98
  0.44606D+00 0.26322D-01    99
  0.44605D+00 0.26341D-01   100
  0.44603D+00 0.26358D-01   101
  0.44602D+00 0.26376D-01   102
  0.44600D+00 0.26392D-01   103
  0.44599D+00 0.26409D-01   104
  0.44598D+00 0.26424D-01   105
  0.44597D+00 0.26440D-01   106
  0.44596D+00 0.26456D-01   107
  0.44594D+00 0.26471D-01   108
  0.44593D+00 0.26486D-01   109
  0.44592D+00 0.26501D-01   110
  0.44591D+00 0.26516D-01   111
  0.44590D+00 0.26531D-01   112
  0.44589D+00 0.26545D-01   113
  0.44588D+00 0.26559D-01   114
  0.44587D+00 0.26573D-01   115
  0.44586D+00 0.26587D-01   116
  0.44585D+00 0.26601D-01   117
  0.44584D+00 0.26614D-01   118
  0.44583D+00 0.26627D-01   119
  0.44582D+00 0.26640D-01   120
