  0.00000D+00 0.00000D+00 0.00000D+00 0.00000D+00 0.00000D+00 0.00000D+00     0
  0.11000D+02 0.11000D+02 0.11000D+02 0.90000D+02 0.90000D+02 0.90000D+02     1
  0.11000D+02 0.11000D+02 0.11000D+02 0.90000D+02 0.90000D+02 0.90000D+02     2
  0.11000D+02 0.11000D+02 0.11000D+02 0.89999D+02 0.89999D+02 0.89999D+02     3
  0.10999D+02 0.10999D+02 0.10999D+02 0.89999D+02 0.89998D+02 0.89998D+02     4
  0.10999D+02 0.10999D+02 0.10999D+02 0.89998D+02 0.89997D+02 0.89998D+02     5
  0.10998D+02 0.10998D+02 0.10998D+02 0.89997D+02 0.89996D+02 0.89996D+02     6
  0.10998D+02 0.10998D+02 0.10998D+02 0.89996D+02 0.89995D+02 0.89995D+02     7
  0.10997D+02 0.10997D+02 0.10997D+02 0.89994D+02 0.89993D+02 0.89994D+02     8
  0.10996D+02 0.10996D+02 0.10996D+02 0.89993D+02 0.89992D+02 0.89992D+02     9
  0.10995D+02 0.10995D+02 0.10995D+02 0.89991D+02 0.89990D+02 0.89990D+02    10
  0.10994D+02 0.10994D+02 0.10994D+02 0.89989D+02 0.89987D+02 0.89989D+02    11
  0.10993D+02 0.10993D+02 0.10993D+02 0.89987D+02 0.89985D+02 0.89986D+02    12
  0.10992D+02 0.10991D+02 0.10992D+02 0.89985D+02 0.89982D+02 0.89984D+02    13
  0.10990D+02 0.10990D+02 0.10990D+02 0.89983D+02 0.89980D+02 0.89982D+02    14
  0.10989D+02 0.10989D+02 0.10989D+02 0.89980D+02 0.89977D+02 0.89979D+02    15
  0.10987D+02 0.10987D+02 0.10987D+02 0.89978D+02 0.89974D+02 0.89976D+02    16
  0.10986D+02 0.10985D+02 0.10986D+02 0.89975D+02 0.89970D+02 0.89973D+02    17
  0.10984D+02 0.10984D+02 0.10984D+02 0.89972D+02 0.89967D+02 0.89970D+02    18
  0.10982D+02 0.10982D+02 0.10982D+02 0.89969D+02 0.89963D+02 0.89967D+02    19
  0.10980D+02 0.10980D+02 0.10981D+02 0.89966D+02 0.89959D+02 0.89963D+02    20
  0.10978D+02 0.10978D+02 0.10979D+02 0.89962D+02 0.89955D+02 0.89959D+02    21
  0.10976D+02 0.10976D+02 0.10977D+02 0.89959D+02 0.89951D+02 0.89956D+02    22
  0.10974D+02 0.10974D+02 0.10974D+02 0.89955D+02 0.89946D+02 0.89952D+02    23
  0.10972D+02 0.10971D+02 0.10972D+02 0.89951D+02 0.89941D+02 0.89947D+02    24
  0.10970D+02 0.10969D+02 0.10970D+02 0.89947D+02 0.89937D+02 0.89943D+02    25
  0.10967D+02 0.10967D+02 0.10967D+02 0.89943D+02 0.89932D+02 0.89939D+02    26
  0.10965D+02 0.10964D+02 0.10965D+02 0.89939D+02 0.89926D+02 0.89934D+02    27
  0.10962D+02 0.10961D+02 0.10962D+02 0.89934D+02 0.89921D+02 0.89929D+02    28
  0.10959D+02 0.10959D+02 0.10960D+02 0.89930D+02 0.89916D+02 0.89925D+02    29
  0.10957D+02 0.10956D+02 0.10957D+02 0.89925D+02 0.89910D+02 0.89920D+02    30
  0.10954D+02 0.10953D+02 0.10954D+02 0.89920D+02 0.89904D+02 0.89915D+02    31
  0.10951D+02 0.10950D+02 0.10952D+02 0.89916D+02 0.89898D+02 0.89909D+02    32
  0.10948D+02 0.10947D+02 0.10949D+02 0.89911D+02 0.89892D+02 0.89904D+02    33
  0.10945D+02 0.10944D+02 0.10946D+02 0.89906D+02 0.89886D+02 0.89899D+02    34
  0.10942D+02 0.10941D+02 0.10943D+02 0.89900D+02 0.89879D+02 0.89893D+02    35
  0.10939D+02 0.10938D+02 0.10939D+02 0.89895D+02 0.89873D+02 0.89887D+02    36
  0.10936D+02 0.10935D+02 0.10936D+02 0.89890D+02 0.89866D+02 0.89882D+02    37
  0.10932D+02 0.10931D+02 0.10933D+02 0.89884D+02 0.89859D+02 0.89876D+02    38
  0.10929D+02 0.10928D+02 0.10930D+02 0.89879D+02 0.89853D+02 0.89870D+02    39
  0.10925D+02 0.10924D+02 0.10926D+02 0.89873D+02 0.89846D+02 0.89864D+02    40
  0.10922D+02 0.10921D+02 0.10923D+02 0.89868D+02 0.89838D+02 0.89858D+02    41
  0.10918D+02 0.10917D+02 0.10919D+02 0.89862D+02 0.89831D+02 0.89852D+02    42
  0.10915D+02 0.10913D+02 0.10916D+02 0.89856D+02 0.89824D+02 0.89845D+02    43
  0.10911D+02 0.10910D+02 0.10912D+02 0.89851D+02 0.89817D+02 0.89839D+02    44
  0.10907D+02 0.10906D+02 0.10908D+02 0.89845D+02 0.89809D+02 0.89833D+02    45
  0.10903D+02 0.10902D+02 0.10905D+02 0.89839D+02 0.89802D+02 0.89826D+02    46
  0.10899D+02 0.10898D+02 0.10901D+02 0.89833D+02 0.89794D+02 0.89820D+02    47
  0.10896D+02 0.10894D+02 0.10897D+02 0.89827D+02 0.89787D+02 0.89813D+02    48
  0.10892D+02 0.10890D+02 0.10893D+02 0.89821D+02 0.89779D+02 0.89807D+02    49
  0.10888D+02 0.10886D+02 0.10889D+02 0.89815D+02 0.89771D+02 0.89800D+02    50
  0.10883D+02 0.10882D+02 0.10885D+02 0.89809D+02 0.89763D+02 0.89794D+02    51
  0.10879D+02 0.10878D+02 0.10881D+02 0.89804D+02 0.89756D+02 0.89787D+02    52
  0.10875D+02 0.10874D+02 0.10877D+02 0.89798D+02 0.89748D+02 0.89781D+02    53
  0.10871D+02 0.10870D+02 0.10872D+02 0.89792D+02 0.89740D+02 0.89774D+02    54
  0.10867D+02 0.10865D+02 0.10868D+02 0.89786D+02 0.89732D+02 0.89768D+02    55
  0.10862D+02 0.10861D+02 0.10864D+02 0.89780D+02 0.89725D+02 0.89761D+02    56
  0.10858D+02 0.10857D+02 0.10860D+02 0.89774D+02 0.89717D+02 0.89755D+02    57
  0.10853D+02 0.10852D+02 0.10855D+02 0.89769D+02 0.89709D+02 0.89748D+02    58
  0.10849D+02 0.10848D+02 0.10851D+02 0.89763D+02 0.89701D+02 0.89742D+02    59
  0.10845D+02 0.10843D+02 0.10846D+02 0.89758D+02 0.89694D+02 0.89735D+02    60
  0.10840D+02 0.10839D+02 0.10842D+02 0.89752D+02 0.89686D+02 0.89729D+02    61
  0.10835D+02 0.10834D+02 0.10837D+02 0.89747D+02 0.89678D+02 0.89723D+02    62
  0.10831D+02 0.10829D+02 0.10833D+02 0.89741D+02 0.89671D+02 0.89716D+02    63
  0.10826D+02 0.10825D+02 0.10828D+02 0.89736D+02 0.89663D+02 0.89710D+02    64
  0.10821D+02 0.10820D+02 0.10824D+02 0.89731D+02 0.89656D+02 0.89704D+02    65
  0.10817D+02 0.10816D+02 0.10819D+02 0.89726D+02 0.89649D+02 0.89698D+02    66
  0.10812D+02 0.10811D+02 0.10814D+02 0.89721D+02 0.89641D+02 0.89692D+02    67
  0.10807D+02 0.10806D+02 0.10810D+02 0.89716D+02 0.89634D+02 0.89686D+02    68
  0.10803D+02 0.10801D+02 0.10805D+02 0.89712D+02 0.89627D+02 0.89681D+02    69
  0.10798D+02 0.10797D+02 0.10800D+02 0.89707D+02 0.89620D+02 0.89675D+02    70
  0.10793D+02 0.10792D+02 0.10795D+02 0.89703D+02 0.89614D+02 0.89669D+02    71
  0.10788D+02 0.10787D+02 0.10791D+02 0.89699D+02 0.89607D+02 0.89664D+02    72
  0.10784D+02 0.10782D+02 0.10786D+02 0.89695D+02 0.89601D+02 0.89659D+02    73
  0.10779D+02 0.10778D+02 0.10781D+02 0.89691D+02 0.89594D+02 0.89653D+02    74
  0.10774D+02 0.10773D+02 0.10776D+02 0.89687D+02 0.89588D+02 0.89648D+02    75
  0.10769D+02 0.10768D+02 0.10772D+02 0.89683D+02 0.89582D+02 0.89643D+02    76
  0.10764D+02 0.10763D+02 0.10767D+02 0.89680D+02 0.89576D+02 0.89639D+02    77
  0.10760D+02 0.10759D+02 0.10762D+02 0.89677D+02 0.89571D+02 0.89634D+02    78
  0.10755D+02 0.10754D+02 0.10757D+02 0.89674D+02 0.89565D+02 0.89630D+02    79
  0.10750D+02 0.10749D+02 0.10753D+02 0.89671D+02 0.89560D+02 0.89625D+02    80
  0.10745D+02 0.10745D+02 0.10748D+02 0.89669D+02 0.89555D+02 0.89621D+02    81
  0.10740D+02 0.10740D+02 0.10743D+02 0.89666D+02 0.89551D+02 0.89617D+02    82
  0.10736D+02 0.10735D+02 0.10738D+02 0.89664D+02 0.89546D+02 0.89613D+02    83
  0.10731D+02 0.10731D+02 0.10734D+02 0.89662D+02 0.89542D+02 0.89610D+02    84
  0.10726D+02 0.10726D+02 0.10729D+02 0.89661D+02 0.89538D+02 0.89606D+02    85
  0.10722D+02 0.10721D+02 0.10724D+02 0.89659D+02 0.89534D+02 0.89603D+02    86
  0.10717D+02 0.10717D+02 0.10720D+02 0.89658D+02 0.89531D+02 0.89600D+02    87
  0.10712D+02 0.10712D+02 0.10715D+02 0.89657D+02 0.89527D+02 0.89597D+02    88
  0.10708D+02 0.10708D+02 0.10711D+02 0.89656D+02 0.89524D+02 0.89594D+02    89
  0.10703D+02 0.10703D+02 0.10706D+02 0.89656D+02 0.89522D+02 0.89592D+02    90
  0.10698D+02 0.10699D+02 0.10701D+02 0.89655D+02 0.89519D+02 0.89589D+02    91
  0.10694D+02 0.10694D+02 0.10697D+02 0.89655D+02 0.89517D+02 0.89587D+02    92
  0.10689D+02 0.10690D+02 0.10692D+02 0.89656D+02 0.89516D+02 0.89586D+02    93
  0.10685D+02 0.10685D+02 0.10688D+02 0.89656D+02 0.89514D+02 0.89584D+02    94
  0.10681D+02 0.10681D+02 0.10684D+02 0.89657D+02 0.89513D+02 0.89583D+02    95
  0.10676D+02 0.10677D+02 0.10679D+02 0.89658D+02 0.89512D+02 0.89581D+02    96
  0.10672D+02 0.10673D+02 0.10675D+02 0.89659D+02 0.89512D+02 0.89580D+02    97
  0.10668D+02 0.10669D+02 0.10671D+02 0.89661D+02 0.89512D+02 0.89580D+02    98
  0.10664D+02 0.10664D+02 0.10667D+02 0.89663D+02 0.89512D+02 0.89579D+02    99
  0.10659D+02 0.10660D+02 0.10663D+02 0.89665D+02 0.89512D+02 0.89579D+02   100
  0.10655D+02 0.10656D+02 0.10658D+02 0.89668D+02 0.89513D+02 0.89579D+02   101
  0.10651D+02 0.10652D+02 0.10654D+02 0.89670D+02 0.89515D+02 0.89579D+02   102
  0.10647D+02 0.10649D+02 0.10650D+02 0.89673D+02 0.89516D+02 0.89579D+02   103
  0.10643D+02 0.10645D+02 0.10647D+02 0.89677D+02 0.89518D+02 0.89580D+02   104
  0.10639D+02 0.10641D+02 0.10643D+02 0.89680D+02 0.89521D+02 0.89581D+02   105
  0.10636D+02 0.10637D+02 0.10639D+02 0.89684D+02 0.89523D+02 0.89582D+02   106
  0.10632D+02 0.10634D+02 0.10635D+02 0.89688D+02 0.89526D+02 0.89583D+02   107
  0.10628D+02 0.10630D+02 0.10632D+02 0.89693D+02 0.89530D+02 0.89585D+02   108
  0.10625D+02 0.10627D+02 0.10628D+02 0.89697D+02 0.89534D+02 0.89587D+02   109
  0.10621D+02 0.10623D+02 0.10624D+02 0.89702D+02 0.89538D+02 0.89589D+02   110
  0.10618D+02 0.10620D+02 0.10621D+02 0.89707D+02 0.89542D+02 0.89591D+02   111
  0.10614D+02 0.10617D+02 0.10618D+02 0.89713D+02 0.89547D+02 0.89594D+02   112
  0.10611D+02 0.10613D+02 0.10614D+02 0.89719D+02 0.89553D+02 0.89597D+02   113
  0.10608D+02 0.10610D+02 0.10611D+02 0.89725D+02 0.89558D+02 0.89600D+02   114
  0.10605D+02 0.10607D+02 0.10608D+02 0.89731D+02 0.89564D+02 0.89603D+02   115
  0.10602D+02 0.10604D+02 0.10605D+02 0.89738D+02 0.89571D+02 0.89607D+02   116
  0.10599D+02 0.10602D+02 0.10602D+02 0.89745D+02 0.89578D+02 0.89610D+02   117
  0.10596D+02 0.10599D+02 0.10599D+02 0.89752D+02 0.89585D+02 0.89614D+02   118
  0.10593D+02 0.10596D+02 0.10596D+02 0.89759D+02 0.89592D+02 0.89618D+02   119
  0.10590D+02 0.10593D+02 0.10594D+02 0.89767D+02 0.89600D+02 0.89623D+02   120
