  0.45241D+00 0.19951D-01 0.47236D+00 0.57735D-01     0
  0.45244D+00 0.19910D-01 0.47235D+00 0.50380D-01     1
  0.45246D+00 0.19887D-01 0.47235D+00 0.45756D-01     2
  0.45247D+00 0.19884D-01 0.47235D+00 0.32726D-01     3
  0.45246D+00 0.19897D-01 0.47235D+00 0.44243D-01     4
  0.45243D+00 0.19925D-01 0.47235D+00 0.41624D-01     5
  0.45239D+00 0.19970D-01 0.47236D+00 0.37107D-01     6
  0.45233D+00 0.20032D-01 0.47236D+00 0.30754D-01     7
  0.45225D+00 0.20109D-01 0.47236D+00 0.53374D-01     8
  0.45217D+00 0.20196D-01 0.47236D+00 0.65951D-01     9
  0.45206D+00 0.20295D-01 0.47236D+00 0.64417D-01    10
  0.45195D+00 0.20409D-01 0.47236D+00 0.64531D-01    11
  0.45182D+00 0.20536D-01 0.47235D+00 0.64149D-01    12
  0.45168D+00 0.20677D-01 0.47235D+00 0.63741D-01    13
  0.45152D+00 0.20832D-01 0.47235D+00 0.63254D-01    14
  0.45135D+00 0.20999D-01 0.47235D+00 0.62667D-01    15
  0.45118D+00 0.21179D-01 0.47236D+00 0.61228D-01    16
  0.45099D+00 0.21373D-01 0.47236D+00 0.60090D-01    17
  0.45079D+00 0.21578D-01 0.47237D+00 0.58588D-01    18
  0.45058D+00 0.21797D-01 0.47237D+00 0.56660D-01    19
  0.45036D+00 0.22028D-01 0.47239D+00 0.53660D-01    20
  0.45013D+00 0.22263D-01 0.47239D+00 0.98993D-01    21
  0.44989D+00 0.22486D-01 0.47238D+00 0.10174D+00    22
  0.44965D+00 0.22719D-01 0.47237D+00 0.10559D+00    23
  0.44941D+00 0.22957D-01 0.47236D+00 0.10942D+00    24
  0.44915D+00 0.23198D-01 0.47235D+00 0.11337D+00    25
  0.44890D+00 0.23443D-01 0.47234D+00 0.11740D+00    26
  0.44864D+00 0.23691D-01 0.47233D+00 0.12165D+00    27
  0.44838D+00 0.23940D-01 0.47232D+00 0.12593D+00    28
  0.44812D+00 0.24190D-01 0.47231D+00 0.13018D+00    29
  0.44785D+00 0.24440D-01 0.47229D+00 0.13438D+00    30
  0.44759D+00 0.24689D-01 0.47228D+00 0.13856D+00    31
  0.44733D+00 0.24937D-01 0.47227D+00 0.14244D+00    32
  0.44707D+00 0.25184D-01 0.47226D+00 0.14647D+00    33
  0.44681D+00 0.25429D-01 0.47224D+00 0.15047D+00    34
  0.44656D+00 0.25670D-01 0.47223D+00 0.15452D+00    35
  0.44631D+00 0.25908D-01 0.47222D+00 0.15870D+00    36
  0.44607D+00 0.26142D-01 0.47221D+00 0.16332D+00    37
  0.44583D+00 0.26370D-01 0.47220D+00 0.16821D+00    38
  0.44559D+00 0.26592D-01 0.47219D+00 0.17324D+00    39
  0.44537D+00 0.26808D-01 0.47218D+00 0.17825D+00    40
  0.44515D+00 0.27018D-01 0.47217D+00 0.18288D+00    41
  0.44494D+00 0.27221D-01 0.47216D+00 0.18741D+00    42
  0.44473D+00 0.27417D-01 0.47215D+00 0.19192D+00    43
  0.44454D+00 0.27605D-01 0.47214D+00 0.19731D+00    44
  0.44435D+00 0.27786D-01 0.47214D+00 0.20257D+00    45
  0.44417D+00 0.27958D-01 0.47213D+00 0.20758D+00    46
  0.44401D+00 0.28121D-01 0.47213D+00 0.21278D+00    47
  0.44385D+00 0.28277D-01 0.47213D+00 0.21786D+00    48
  0.44370D+00 0.28424D-01 0.47213D+00 0.22335D+00    49
  0.44356D+00 0.28562D-01 0.47213D+00 0.22876D+00    50
  0.44344D+00 0.28692D-01 0.47213D+00 0.23424D+00    51
  0.44332D+00 0.28812D-01 0.47213D+00 0.23958D+00    52
  0.44321D+00 0.28925D-01 0.47214D+00 0.24524D+00    53
  0.44312D+00 0.29029D-01 0.47215D+00 0.25057D+00    54
  0.44303D+00 0.29125D-01 0.47216D+00 0.25605D+00    55
  0.44296D+00 0.29214D-01 0.47217D+00 0.26131D+00    56
  0.44289D+00 0.29296D-01 0.47219D+00 0.26659D+00    57
  0.44284D+00 0.29370D-01 0.47221D+00 0.27161D+00    58
  0.44279D+00 0.29439D-01 0.47223D+00 0.27665D+00    59
  0.44276D+00 0.29502D-01 0.47226D+00 0.28150D+00    60
  0.44273D+00 0.29561D-01 0.47229D+00 0.28630D+00    61
  0.44271D+00 0.29615D-01 0.47232D+00 0.29092D+00    62
  0.44270D+00 0.29656D-01 0.47235D+00 0.31765D+00    63
  0.44270D+00 0.29666D-01 0.47236D+00 0.33209D+00    64
  0.44270D+00 0.29667D-01 0.47237D+00 0.33754D+00    65
  0.44272D+00 0.29664D-01 0.47238D+00 0.34587D+00    66
  0.44274D+00 0.29654D-01 0.47239D+00 0.35343D+00    67
  0.44277D+00 0.29639D-01 0.47240D+00 0.36139D+00    68
  0.44280D+00 0.29618D-01 0.47242D+00 0.36934D+00    69
  0.44284D+00 0.29593D-01 0.47243D+00 0.37741D+00    70
  0.44288D+00 0.29562D-01 0.47244D+00 0.38552D+00    71
  0.44293D+00 0.29528D-01 0.47246D+00 0.39387D+00    72
  0.44298D+00 0.29489D-01 0.47247D+00 0.40223D+00    73
  0.44304D+00 0.29447D-01 0.47249D+00 0.41065D+00    74
  0.44310D+00 0.29402D-01 0.47250D+00 0.41926D+00    75
  0.44317D+00 0.29354D-01 0.47252D+00 0.42795D+00    76
  0.44323D+00 0.29304D-01 0.47253D+00 0.43693D+00    77
  0.44330D+00 0.29251D-01 0.47255D+00 0.44579D+00    78
  0.44337D+00 0.29196D-01 0.47256D+00 0.45475D+00    79
  0.44344D+00 0.29140D-01 0.47258D+00 0.46353D+00    80
  0.44351D+00 0.29083D-01 0.47259D+00 0.47252D+00    81
  0.44358D+00 0.29026D-01 0.47260D+00 0.48140D+00    82
  0.44365D+00 0.28968D-01 0.47262D+00 0.49018D+00    83
  0.44372D+00 0.28910D-01 0.47263D+00 0.49888D+00    84
  0.44379D+00 0.28853D-01 0.47264D+00 0.50772D+00    85
  0.44386D+00 0.28797D-01 0.47265D+00 0.51640D+00    86
  0.44392D+00 0.28742D-01 0.47267D+00 0.52532D+00    87
  0.44399D+00 0.28687D-01 0.47268D+00 0.53416D+00    88
  0.44405D+00 0.28634D-01 0.47269D+00 0.54290D+00    89
  0.44411D+00 0.28583D-01 0.47270D+00 0.55184D+00    90
  0.44417D+00 0.28533D-01 0.47271D+00 0.56065D+00    91
  0.44423D+00 0.28485D-01 0.47271D+00 0.56943D+00    92
  0.44428D+00 0.28438D-01 0.47272D+00 0.57806D+00    93
  0.44433D+00 0.28394D-01 0.47273D+00 0.58675D+00    94
  0.44438D+00 0.28352D-01 0.47273D+00 0.59527D+00    95
  0.44443D+00 0.28311D-01 0.47274D+00 0.60370D+00    96
  0.44447D+00 0.28274D-01 0.47274D+00 0.61205D+00    97
  0.44451D+00 0.28238D-01 0.47274D+00 0.62041D+00    98
  0.44454D+00 0.28205D-01 0.47275D+00 0.62863D+00    99
  0.44457D+00 0.28174D-01 0.47275D+00 0.63671D+00   100
  0.44460D+00 0.28145D-01 0.47275D+00 0.64467D+00   101
  0.44463D+00 0.28119D-01 0.47275D+00 0.65257D+00   102
  0.44465D+00 0.28095D-01 0.47274D+00 0.66043D+00   103
  0.44467D+00 0.28074D-01 0.47274D+00 0.66813D+00   104
  0.44469D+00 0.28066D-01 0.47275D+00 0.64325D+00   105
  0.44470D+00 0.28087D-01 0.47279D+00 0.65277D+00   106
  0.44471D+00 0.28101D-01 0.47281D+00 0.66139D+00   107
  0.44472D+00 0.28114D-01 0.47284D+00 0.67040D+00   108
  0.44473D+00 0.28127D-01 0.47285D+00 0.67963D+00   109
  0.44473D+00 0.28138D-01 0.47287D+00 0.68910D+00   110
  0.44474D+00 0.28147D-01 0.47288D+00 0.69833D+00   111
  0.44474D+00 0.28155D-01 0.47289D+00 0.70748D+00   112
  0.44474D+00 0.28161D-01 0.47290D+00 0.71642D+00   113
  0.44474D+00 0.28166D-01 0.47290D+00 0.72532D+00   114
  0.44473D+00 0.28170D-01 0.47290D+00 0.73382D+00   115
  0.44473D+00 0.28172D-01 0.47290D+00 0.74192D+00   116
  0.44472D+00 0.28174D-01 0.47289D+00 0.74967D+00   117
  0.44471D+00 0.28176D-01 0.47289D+00 0.75702D+00   118
  0.44470D+00 0.28177D-01 0.47288D+00 0.76375D+00   119
  0.44469D+00 0.28179D-01 0.47287D+00 0.76976D+00   120
