  0.00000D+00 0.19951D-01 0.19951D-01 0.45241D+00 0.00000D+00 0.45241D+00     0
  0.42369D-04 0.19902D-01 0.19944D-01 0.45240D+00 0.75727D-05 0.45241D+00     1
  0.81716D-04 0.19860D-01 0.19942D-01 0.45238D+00 0.26580D-04 0.45241D+00     2
  0.11799D-03 0.19826D-01 0.19944D-01 0.45235D+00 0.57737D-04 0.45241D+00     3
  0.15047D-03 0.19795D-01 0.19946D-01 0.45231D+00 0.10153D-03 0.45241D+00     4
  0.18001D-03 0.19769D-01 0.19949D-01 0.45225D+00 0.15608D-03 0.45240D+00     5
  0.20644D-03 0.19747D-01 0.19953D-01 0.45218D+00 0.22324D-03 0.45240D+00     6
  0.22999D-03 0.19728D-01 0.19958D-01 0.45210D+00 0.30342D-03 0.45240D+00     7
  0.25019D-03 0.19713D-01 0.19964D-01 0.45200D+00 0.39519D-03 0.45240D+00     8
  0.26812D-03 0.19702D-01 0.19971D-01 0.45190D+00 0.49304D-03 0.45239D+00     9
  0.28358D-03 0.19695D-01 0.19978D-01 0.45178D+00 0.59996D-03 0.45238D+00    10
  0.29694D-03 0.19690D-01 0.19987D-01 0.45165D+00 0.71829D-03 0.45237D+00    11
  0.30852D-03 0.19689D-01 0.19998D-01 0.45151D+00 0.84712D-03 0.45236D+00    12
  0.31869D-03 0.19691D-01 0.20009D-01 0.45136D+00 0.98662D-03 0.45234D+00    13
  0.32788D-03 0.19695D-01 0.20023D-01 0.45119D+00 0.11368D-02 0.45233D+00    14
  0.33653D-03 0.19701D-01 0.20038D-01 0.45102D+00 0.12977D-02 0.45232D+00    15
  0.34516D-03 0.19710D-01 0.20055D-01 0.45083D+00 0.14694D-02 0.45230D+00    16
  0.35429D-03 0.19720D-01 0.20075D-01 0.45063D+00 0.16523D-02 0.45229D+00    17
  0.36449D-03 0.19732D-01 0.20097D-01 0.45042D+00 0.18463D-02 0.45227D+00    18
  0.37637D-03 0.19745D-01 0.20121D-01 0.45020D+00 0.20516D-02 0.45225D+00    19
  0.39057D-03 0.19759D-01 0.20149D-01 0.44997D+00 0.22687D-02 0.45224D+00    20
  0.40707D-03 0.19774D-01 0.20181D-01 0.44972D+00 0.24893D-02 0.45221D+00    21
  0.42743D-03 0.19789D-01 0.20217D-01 0.44947D+00 0.26969D-02 0.45216D+00    22
  0.45184D-03 0.19804D-01 0.20256D-01 0.44920D+00 0.29148D-02 0.45212D+00    23
  0.48094D-03 0.19818D-01 0.20299D-01 0.44892D+00 0.31383D-02 0.45206D+00    24
  0.51542D-03 0.19831D-01 0.20347D-01 0.44864D+00 0.33670D-02 0.45201D+00    25
  0.55594D-03 0.19843D-01 0.20399D-01 0.44834D+00 0.36006D-02 0.45194D+00    26
  0.60321D-03 0.19852D-01 0.20455D-01 0.44804D+00 0.38387D-02 0.45188D+00    27
  0.65788D-03 0.19859D-01 0.20517D-01 0.44772D+00 0.40808D-02 0.45180D+00    28
  0.72065D-03 0.19863D-01 0.20584D-01 0.44740D+00 0.43264D-02 0.45172D+00    29
  0.79219D-03 0.19864D-01 0.20656D-01 0.44706D+00 0.45754D-02 0.45164D+00    30
  0.87315D-03 0.19862D-01 0.20735D-01 0.44672D+00 0.48275D-02 0.45155D+00    31
  0.96418D-03 0.19855D-01 0.20819D-01 0.44637D+00 0.50822D-02 0.45145D+00    32
  0.10659D-02 0.19845D-01 0.20911D-01 0.44601D+00 0.53396D-02 0.45134D+00    33
  0.11790D-02 0.19830D-01 0.21009D-01 0.44564D+00 0.55992D-02 0.45123D+00    34
  0.13040D-02 0.19810D-01 0.21114D-01 0.44526D+00 0.58606D-02 0.45112D+00    35
  0.14415D-02 0.19785D-01 0.21226D-01 0.44487D+00 0.61234D-02 0.45099D+00    36
  0.15920D-02 0.19754D-01 0.21346D-01 0.44447D+00 0.63872D-02 0.45086D+00    37
  0.17561D-02 0.19719D-01 0.21475D-01 0.44407D+00 0.66512D-02 0.45072D+00    38
  0.19341D-02 0.19677D-01 0.21611D-01 0.44366D+00 0.69150D-02 0.45057D+00    39
  0.21265D-02 0.19630D-01 0.21757D-01 0.44324D+00 0.71779D-02 0.45042D+00    40
  0.23337D-02 0.19578D-01 0.21912D-01 0.44281D+00 0.74400D-02 0.45025D+00    41
  0.25561D-02 0.19520D-01 0.22076D-01 0.44238D+00 0.77012D-02 0.45008D+00    42
  0.27939D-02 0.19456D-01 0.22249D-01 0.44194D+00 0.79612D-02 0.44990D+00    43
  0.30474D-02 0.19386D-01 0.22433D-01 0.44149D+00 0.82195D-02 0.44971D+00    44
  0.33168D-02 0.19311D-01 0.22627D-01 0.44103D+00 0.84750D-02 0.44951D+00    45
  0.36023D-02 0.19230D-01 0.22832D-01 0.44057D+00 0.87277D-02 0.44930D+00    46
  0.39040D-02 0.19144D-01 0.23048D-01 0.44010D+00 0.89775D-02 0.44908D+00    47
  0.42220D-02 0.19053D-01 0.23275D-01 0.43963D+00 0.92239D-02 0.44885D+00    48
  0.45563D-02 0.18957D-01 0.23514D-01 0.43914D+00 0.94666D-02 0.44861D+00    49
  0.49068D-02 0.18857D-01 0.23764D-01 0.43866D+00 0.97050D-02 0.44836D+00    50
  0.52735D-02 0.18753D-01 0.24026D-01 0.43816D+00 0.99390D-02 0.44810D+00    51
  0.56562D-02 0.18644D-01 0.24301D-01 0.43766D+00 0.10168D-01 0.44783D+00    52
  0.60549D-02 0.18533D-01 0.24588D-01 0.43716D+00 0.10392D-01 0.44755D+00    53
  0.64692D-02 0.18418D-01 0.24887D-01 0.43665D+00 0.10611D-01 0.44726D+00    54
  0.68989D-02 0.18301D-01 0.25200D-01 0.43613D+00 0.10824D-01 0.44696D+00    55
  0.73438D-02 0.18182D-01 0.25526D-01 0.43561D+00 0.11032D-01 0.44665D+00    56
  0.78034D-02 0.18062D-01 0.25865D-01 0.43509D+00 0.11234D-01 0.44632D+00    57
  0.82775D-02 0.17941D-01 0.26218D-01 0.43456D+00 0.11430D-01 0.44599D+00    58
  0.87656D-02 0.17820D-01 0.26585D-01 0.43403D+00 0.11620D-01 0.44565D+00    59
  0.92672D-02 0.17698D-01 0.26966D-01 0.43349D+00 0.11804D-01 0.44529D+00    60
  0.97821D-02 0.17578D-01 0.27360D-01 0.43295D+00 0.11982D-01 0.44493D+00    61
  0.10310D-01 0.17460D-01 0.27769D-01 0.43240D+00 0.12155D-01 0.44456D+00    62
  0.10848D-01 0.17344D-01 0.28192D-01 0.43185D+00 0.12312D-01 0.44416D+00    63
  0.11399D-01 0.17231D-01 0.28630D-01 0.43130D+00 0.12435D-01 0.44373D+00    64
  0.11960D-01 0.17121D-01 0.29081D-01 0.43074D+00 0.12545D-01 0.44329D+00    65
  0.12531D-01 0.17016D-01 0.29546D-01 0.43019D+00 0.12649D-01 0.44283D+00    66
  0.13110D-01 0.16915D-01 0.30025D-01 0.42963D+00 0.12740D-01 0.44237D+00    67
  0.13699D-01 0.16819D-01 0.30518D-01 0.42907D+00 0.12820D-01 0.44189D+00    68
  0.14295D-01 0.16729D-01 0.31024D-01 0.42850D+00 0.12889D-01 0.44139D+00    69
  0.14897D-01 0.16646D-01 0.31543D-01 0.42794D+00 0.12947D-01 0.44089D+00    70
  0.15506D-01 0.16569D-01 0.32076D-01 0.42738D+00 0.12993D-01 0.44037D+00    71
  0.16121D-01 0.16501D-01 0.32622D-01 0.42681D+00 0.13027D-01 0.43984D+00    72
  0.16740D-01 0.16440D-01 0.33180D-01 0.42624D+00 0.13049D-01 0.43929D+00    73
  0.17363D-01 0.16388D-01 0.33751D-01 0.42568D+00 0.13059D-01 0.43874D+00    74
  0.17990D-01 0.16345D-01 0.34334D-01 0.42511D+00 0.13057D-01 0.43817D+00    75
  0.18618D-01 0.16311D-01 0.34930D-01 0.42455D+00 0.13043D-01 0.43759D+00    76
  0.19249D-01 0.16288D-01 0.35537D-01 0.42398D+00 0.13016D-01 0.43700D+00    77
  0.19881D-01 0.16275D-01 0.36155D-01 0.42342D+00 0.12976D-01 0.43639D+00    78
  0.20512D-01 0.16272D-01 0.36785D-01 0.42286D+00 0.12924D-01 0.43578D+00    79
  0.21144D-01 0.16280D-01 0.37424D-01 0.42229D+00 0.12860D-01 0.43515D+00    80
  0.21774D-01 0.16300D-01 0.38074D-01 0.42173D+00 0.12783D-01 0.43452D+00    81
  0.22403D-01 0.16331D-01 0.38734D-01 0.42118D+00 0.12695D-01 0.43387D+00    82
  0.23029D-01 0.16373D-01 0.39402D-01 0.42062D+00 0.12595D-01 0.43322D+00    83
  0.23652D-01 0.16427D-01 0.40079D-01 0.42007D+00 0.12483D-01 0.43255D+00    84
  0.24272D-01 0.16493D-01 0.40765D-01 0.41952D+00 0.12360D-01 0.43188D+00    85
  0.24887D-01 0.16570D-01 0.41457D-01 0.41897D+00 0.12227D-01 0.43120D+00    86
  0.25497D-01 0.16660D-01 0.42157D-01 0.41843D+00 0.12082D-01 0.43051D+00    87
  0.26102D-01 0.16760D-01 0.42863D-01 0.41789D+00 0.11927D-01 0.42981D+00    88
  0.26702D-01 0.16873D-01 0.43574D-01 0.41735D+00 0.11762D-01 0.42911D+00    89
  0.27295D-01 0.16996D-01 0.44291D-01 0.41682D+00 0.11587D-01 0.42841D+00    90
  0.27881D-01 0.17131D-01 0.45012D-01 0.41629D+00 0.11402D-01 0.42769D+00    91
  0.28460D-01 0.17277D-01 0.45737D-01 0.41577D+00 0.11208D-01 0.42698D+00    92
  0.29031D-01 0.17433D-01 0.46465D-01 0.41525D+00 0.11005D-01 0.42626D+00    93
  0.29594D-01 0.17600D-01 0.47194D-01 0.41474D+00 0.10794D-01 0.42553D+00    94
  0.30149D-01 0.17777D-01 0.47926D-01 0.41423D+00 0.10575D-01 0.42481D+00    95
  0.30695D-01 0.17963D-01 0.48658D-01 0.41373D+00 0.10349D-01 0.42408D+00    96
  0.31233D-01 0.18158D-01 0.49390D-01 0.41323D+00 0.10116D-01 0.42335D+00    97
  0.31760D-01 0.18361D-01 0.50122D-01 0.41274D+00 0.98765D-02 0.42262D+00    98
  0.32278D-01 0.18573D-01 0.50852D-01 0.41226D+00 0.96314D-02 0.42189D+00    99
  0.32787D-01 0.18793D-01 0.51579D-01 0.41179D+00 0.93810D-02 0.42117D+00   100
  0.33285D-01 0.19019D-01 0.52304D-01 0.41132D+00 0.91260D-02 0.42044D+00   101
  0.33772D-01 0.19252D-01 0.53024D-01 0.41085D+00 0.88669D-02 0.41972D+00   102
  0.34249D-01 0.19491D-01 0.53740D-01 0.41040D+00 0.86043D-02 0.41900D+00   103
  0.34716D-01 0.19735D-01 0.54451D-01 0.40995D+00 0.83386D-02 0.41829D+00   104
  0.35172D-01 0.19983D-01 0.55156D-01 0.40951D+00 0.80821D-02 0.41760D+00   105
  0.35618D-01 0.20236D-01 0.55854D-01 0.40908D+00 0.78509D-02 0.41693D+00   106
  0.36055D-01 0.20491D-01 0.56546D-01 0.40866D+00 0.76094D-02 0.41627D+00   107
  0.36481D-01 0.20750D-01 0.57231D-01 0.40824D+00 0.73648D-02 0.41560D+00   108
  0.36898D-01 0.21010D-01 0.57908D-01 0.40783D+00 0.71170D-02 0.41495D+00   109
  0.37304D-01 0.21272D-01 0.58575D-01 0.40743D+00 0.68663D-02 0.41430D+00   110
  0.37700D-01 0.21534D-01 0.59234D-01 0.40704D+00 0.66133D-02 0.41365D+00   111
  0.38085D-01 0.21796D-01 0.59881D-01 0.40665D+00 0.63588D-02 0.41301D+00   112
  0.38460D-01 0.22058D-01 0.60517D-01 0.40628D+00 0.61034D-02 0.41238D+00   113
  0.38823D-01 0.22318D-01 0.61141D-01 0.40591D+00 0.58478D-02 0.41176D+00   114
  0.39176D-01 0.22577D-01 0.61752D-01 0.40556D+00 0.55929D-02 0.41115D+00   115
  0.39517D-01 0.22833D-01 0.62350D-01 0.40521D+00 0.53394D-02 0.41055D+00   116
  0.39847D-01 0.23086D-01 0.62932D-01 0.40487D+00 0.50884D-02 0.40996D+00   117
  0.40165D-01 0.23335D-01 0.63500D-01 0.40455D+00 0.48406D-02 0.40939D+00   118
  0.40471D-01 0.23580D-01 0.64051D-01 0.40423D+00 0.45969D-02 0.40883D+00   119
  0.40766D-01 0.23820D-01 0.64586D-01 0.40393D+00 0.43584D-02 0.40828D+00   120
