  0.33989D-03 0.43376D-04 0.00000D+00     0
  0.33989D-03 0.37851D-04 0.37851D-04     1
  0.33989D-03 0.34379D-04 0.36115D-04     2
  0.33989D-03 0.24590D-04 0.32273D-04     3
  0.33989D-03 0.33247D-04 0.32517D-04     4
  0.33989D-03 0.31283D-04 0.32270D-04     5
  0.33989D-03 0.27892D-04 0.31541D-04     6
  0.33989D-03 0.23121D-04 0.30338D-04     7
  0.33989D-03 0.40136D-04 0.31562D-04     8
  0.33989D-03 0.49605D-04 0.33567D-04     9
  0.33989D-03 0.48464D-04 0.35057D-04    10
  0.33989D-03 0.48563D-04 0.36285D-04    11
  0.33989D-03 0.48291D-04 0.37285D-04    12
  0.33989D-03 0.48000D-04 0.38109D-04    13
  0.33989D-03 0.47650D-04 0.38791D-04    14
  0.33989D-03 0.47227D-04 0.39353D-04    15
  0.33989D-03 0.46162D-04 0.39779D-04    16
  0.33989D-03 0.45323D-04 0.40105D-04    17
  0.33989D-03 0.44211D-04 0.40333D-04    18
  0.33989D-03 0.42777D-04 0.40462D-04    19
  0.33989D-03 0.40533D-04 0.40465D-04    20
  0.33989D-03 0.74817D-04 0.42101D-04    21
  0.33989D-03 0.76936D-04 0.43685D-04    22
  0.33989D-03 0.79900D-04 0.45259D-04    23
  0.33989D-03 0.82849D-04 0.46825D-04    24
  0.33989D-03 0.85889D-04 0.48388D-04    25
  0.33989D-03 0.89004D-04 0.49950D-04    26
  0.33989D-03 0.92284D-04 0.51518D-04    27
  0.33989D-03 0.95604D-04 0.53092D-04    28
  0.33989D-03 0.98902D-04 0.54672D-04    29
  0.33989D-03 0.10217D-03 0.56255D-04    30
  0.33989D-03 0.10543D-03 0.57842D-04    31
  0.33989D-03 0.10847D-03 0.59424D-04    32
  0.33989D-03 0.11162D-03 0.61005D-04    33
  0.33989D-03 0.11476D-03 0.62586D-04    34
  0.33989D-03 0.11795D-03 0.64168D-04    35
  0.33989D-03 0.12125D-03 0.65754D-04    36
  0.33989D-03 0.12489D-03 0.67352D-04    37
  0.33989D-03 0.12875D-03 0.68968D-04    38
  0.33989D-03 0.13272D-03 0.70603D-04    39
  0.33989D-03 0.13669D-03 0.72255D-04    40
  0.33989D-03 0.14037D-03 0.73916D-04    41
  0.33989D-03 0.14399D-03 0.75584D-04    42
  0.33989D-03 0.14760D-03 0.77259D-04    43
  0.33989D-03 0.15191D-03 0.78956D-04    44
  0.33989D-03 0.15612D-03 0.80670D-04    45
  0.33989D-03 0.16015D-03 0.82398D-04    46
  0.33989D-03 0.16433D-03 0.84141D-04    47
  0.33989D-03 0.16843D-03 0.85898D-04    48
  0.33989D-03 0.17287D-03 0.87673D-04    49
  0.33989D-03 0.17725D-03 0.89464D-04    50
  0.33989D-03 0.18171D-03 0.91273D-04    51
  0.33989D-03 0.18606D-03 0.93096D-04    52
  0.33989D-03 0.19068D-03 0.94937D-04    53
  0.33989D-03 0.19505D-03 0.96791D-04    54
  0.33989D-03 0.19955D-03 0.98659D-04    55
  0.33989D-03 0.20389D-03 0.10054D-03    56
  0.33989D-03 0.20826D-03 0.10243D-03    57
  0.33989D-03 0.21244D-03 0.10432D-03    58
  0.33989D-03 0.21665D-03 0.10623D-03    59
  0.33989D-03 0.22072D-03 0.10814D-03    60
  0.33989D-03 0.22477D-03 0.11005D-03    61
  0.33989D-03 0.22868D-03 0.11196D-03    62
  0.33989D-03 0.25001D-03 0.11415D-03    63
  0.33989D-03 0.26171D-03 0.11646D-03    64
  0.33989D-03 0.26635D-03 0.11876D-03    65
  0.33989D-03 0.27328D-03 0.12111D-03    66
  0.33989D-03 0.27961D-03 0.12347D-03    67
  0.33989D-03 0.28628D-03 0.12587D-03    68
  0.33989D-03 0.29296D-03 0.12829D-03    69
  0.33989D-03 0.29976D-03 0.13074D-03    70
  0.33989D-03 0.30660D-03 0.13321D-03    71
  0.33989D-03 0.31366D-03 0.13572D-03    72
  0.33989D-03 0.32074D-03 0.13825D-03    73
  0.33989D-03 0.32789D-03 0.14082D-03    74
  0.33989D-03 0.33521D-03 0.14341D-03    75
  0.33989D-03 0.34262D-03 0.14603D-03    76
  0.33989D-03 0.35027D-03 0.14868D-03    77
  0.33989D-03 0.35785D-03 0.15137D-03    78
  0.33989D-03 0.36553D-03 0.15408D-03    79
  0.33989D-03 0.37309D-03 0.15681D-03    80
  0.33989D-03 0.38082D-03 0.15958D-03    81
  0.33989D-03 0.38850D-03 0.16237D-03    82
  0.33989D-03 0.39610D-03 0.16519D-03    83
  0.33989D-03 0.40366D-03 0.16803D-03    84
  0.33989D-03 0.41135D-03 0.17089D-03    85
  0.33989D-03 0.41894D-03 0.17377D-03    86
  0.33989D-03 0.42672D-03 0.17668D-03    87
  0.33989D-03 0.43447D-03 0.17961D-03    88
  0.33989D-03 0.44214D-03 0.18256D-03    89
  0.33989D-03 0.44999D-03 0.18553D-03    90
  0.33989D-03 0.45776D-03 0.18852D-03    91
  0.33989D-03 0.46551D-03 0.19153D-03    92
  0.33989D-03 0.47316D-03 0.19456D-03    93
  0.33989D-03 0.48086D-03 0.19761D-03    94
  0.33989D-03 0.48845D-03 0.20067D-03    95
  0.33989D-03 0.49596D-03 0.20374D-03    96
  0.33989D-03 0.50342D-03 0.20683D-03    97
  0.33989D-03 0.51091D-03 0.20994D-03    98
  0.33989D-03 0.51828D-03 0.21305D-03    99
  0.33989D-03 0.52555D-03 0.21618D-03   100
  0.33989D-03 0.53273D-03 0.21931D-03   101
  0.33989D-03 0.53986D-03 0.22245D-03   102
  0.33989D-03 0.54697D-03 0.22560D-03   103
  0.33989D-03 0.55395D-03 0.22876D-03   104
  0.33989D-03 0.53390D-03 0.23167D-03   105
  0.33989D-03 0.54236D-03 0.23460D-03   106
  0.33989D-03 0.55010D-03 0.23755D-03   107
  0.33989D-03 0.55816D-03 0.24052D-03   108
  0.33989D-03 0.56642D-03 0.24351D-03   109
  0.33989D-03 0.57487D-03 0.24652D-03   110
  0.33989D-03 0.58313D-03 0.24955D-03   111
  0.33989D-03 0.59133D-03 0.25260D-03   112
  0.33989D-03 0.59936D-03 0.25567D-03   113
  0.33989D-03 0.60735D-03 0.25876D-03   114
  0.33989D-03 0.61501D-03 0.26185D-03   115
  0.33989D-03 0.62232D-03 0.26496D-03   116
  0.33989D-03 0.62935D-03 0.26808D-03   117
  0.33989D-03 0.63604D-03 0.27119D-03   118
  0.33989D-03 0.64219D-03 0.27431D-03   119
  0.33989D-03 0.64774D-03 0.27742D-03   120
