  0.13310D+04 0.00000D+00     0
  0.13310D+04 0.23285D+03     1
  0.13309D+04 0.23272D+03     2
  0.13307D+04 0.23266D+03     3
  0.13306D+04 0.23267D+03     4
  0.13304D+04 0.23274D+03     5
  0.13301D+04 0.23288D+03     6
  0.13298D+04 0.23308D+03     7
  0.13295D+04 0.23334D+03     8
  0.13292D+04 0.23366D+03     9
  0.13288D+04 0.23403D+03    10
  0.13284D+04 0.23445D+03    11
  0.13279D+04 0.23493D+03    12
  0.13275D+04 0.23546D+03    13
  0.13269D+04 0.23604D+03    14
  0.13264D+04 0.23668D+03    15
  0.13258D+04 0.23737D+03    16
  0.13252D+04 0.23811D+03    17
  0.13245D+04 0.23890D+03    18
  0.13238D+04 0.23974D+03    19
  0.13231D+04 0.24064D+03    20
  0.13224D+04 0.24158D+03    21
  0.13216D+04 0.24255D+03    22
  0.13208D+04 0.24356D+03    23
  0.13199D+04 0.24460D+03    24
  0.13191D+04 0.24567D+03    25
  0.13182D+04 0.24676D+03    26
  0.13172D+04 0.24788D+03    27
  0.13163D+04 0.24903D+03    28
  0.13153D+04 0.25020D+03    29
  0.13143D+04 0.25139D+03    30
  0.13133D+04 0.25259D+03    31
  0.13122D+04 0.25381D+03    32
  0.13111D+04 0.25505D+03    33
  0.13100D+04 0.25629D+03    34
  0.13089D+04 0.25755D+03    35
  0.13077D+04 0.25881D+03    36
  0.13065D+04 0.26008D+03    37
  0.13053D+04 0.26135D+03    38
  0.13041D+04 0.26262D+03    39
  0.13028D+04 0.26390D+03    40
  0.13015D+04 0.26517D+03    41
  0.13002D+04 0.26643D+03    42
  0.12989D+04 0.26769D+03    43
  0.12976D+04 0.26895D+03    44
  0.12962D+04 0.27019D+03    45
  0.12948D+04 0.27143D+03    46
  0.12934D+04 0.27265D+03    47
  0.12920D+04 0.27386D+03    48
  0.12906D+04 0.27505D+03    49
  0.12891D+04 0.27623D+03    50
  0.12877D+04 0.27740D+03    51
  0.12862D+04 0.27854D+03    52
  0.12847D+04 0.27967D+03    53
  0.12832D+04 0.28078D+03    54
  0.12816D+04 0.28187D+03    55
  0.12801D+04 0.28293D+03    56
  0.12785D+04 0.28398D+03    57
  0.12769D+04 0.28501D+03    58
  0.12754D+04 0.28601D+03    59
  0.12738D+04 0.28700D+03    60
  0.12722D+04 0.28796D+03    61
  0.12705D+04 0.28890D+03    62
  0.12689D+04 0.28982D+03    63
  0.12673D+04 0.29071D+03    64
  0.12657D+04 0.29158D+03    65
  0.12640D+04 0.29242D+03    66
  0.12624D+04 0.29323D+03    67
  0.12607D+04 0.29401D+03    68
  0.12590D+04 0.29477D+03    69
  0.12574D+04 0.29551D+03    70
  0.12557D+04 0.29621D+03    71
  0.12541D+04 0.29690D+03    72
  0.12524D+04 0.29755D+03    73
  0.12507D+04 0.29819D+03    74
  0.12491D+04 0.29880D+03    75
  0.12474D+04 0.29938D+03    76
  0.12457D+04 0.29994D+03    77
  0.12441D+04 0.30049D+03    78
  0.12424D+04 0.30100D+03    79
  0.12408D+04 0.30150D+03    80
  0.12391D+04 0.30198D+03    81
  0.12375D+04 0.30244D+03    82
  0.12359D+04 0.30287D+03    83
  0.12343D+04 0.30329D+03    84
  0.12327D+04 0.30369D+03    85
  0.12311D+04 0.30408D+03    86
  0.12295D+04 0.30445D+03    87
  0.12279D+04 0.30480D+03    88
  0.12263D+04 0.30514D+03    89
  0.12248D+04 0.30546D+03    90
  0.12232D+04 0.30577D+03    91
  0.12217D+04 0.30607D+03    92
  0.12202D+04 0.30636D+03    93
  0.12187D+04 0.30663D+03    94
  0.12172D+04 0.30689D+03    95
  0.12158D+04 0.30714D+03    96
  0.12143D+04 0.30739D+03    97
  0.12129D+04 0.30762D+03    98
  0.12115D+04 0.30785D+03    99
  0.12101D+04 0.30806D+03   100
  0.12088D+04 0.30827D+03   101
  0.12074D+04 0.30847D+03   102
  0.12061D+04 0.30867D+03   103
  0.12048D+04 0.30886D+03   104
  0.12036D+04 0.30904D+03   105
  0.12023D+04 0.30923D+03   106
  0.12011D+04 0.30941D+03   107
  0.11999D+04 0.30959D+03   108
  0.11987D+04 0.30976D+03   109
  0.11975D+04 0.30994D+03   110
  0.11964D+04 0.31011D+03   111
  0.11953D+04 0.31028D+03   112
  0.11942D+04 0.31045D+03   113
  0.11932D+04 0.31062D+03   114
  0.11922D+04 0.31078D+03   115
  0.11912D+04 0.31094D+03   116
  0.11902D+04 0.31110D+03   117
  0.11893D+04 0.31126D+03   118
  0.11884D+04 0.31141D+03   119
  0.11875D+04 0.31156D+03   120
