 &plot nbnd=   8, nks=   151 /
            0.000000  0.000000  0.000000
  -3.189  20.558  20.558  20.558  21.821  21.821  21.821  24.386
            0.000000  0.000000  0.033333
  -3.179  20.391  20.391  20.474  21.796  22.002  22.002  24.490
            0.000000  0.000000  0.066667
  -3.149  20.035  20.035  20.244  21.725  22.400  22.400  24.781
            0.000000  0.000000  0.100000
  -3.099  19.626  19.626  19.917  21.609  22.879  22.879  25.208
            0.000000  0.000000  0.133333
  -3.028  19.208  19.208  19.536  21.456  23.394  23.394  25.461
            0.000000  0.000000  0.166667
  -2.938  18.795  18.795  19.128  21.271  23.932  23.932  24.659
            0.000000  0.000000  0.200000
  -2.828  18.392  18.392  18.711  21.060  24.484  24.484  23.821
            0.000000  0.000000  0.233333
  -2.697  18.002  18.002  18.294  20.829  25.046  25.046  22.964
            0.000000  0.000000  0.266667
  -2.547  17.626  17.626  17.884  20.583  25.617  25.617  22.101
            0.000000  0.000000  0.300000
  -2.376  17.265  17.265  17.484  20.325  26.191  26.191  21.240
            0.000000  0.000000  0.333333
  -2.186  16.921  16.921  17.098  20.042  26.767  26.767  20.402
            0.000000  0.000000  0.366667
  -1.977  16.592  16.592  16.727  19.470  27.340  27.340  19.858
            0.000000  0.000000  0.400000
  -1.747  16.279  16.279  16.371  18.644  27.908  27.908  19.578
            0.000000  0.000000  0.433333
  -1.498  15.983  15.983  16.033  17.812  28.467  28.467  19.319
            0.000000  0.000000  0.466667
  -1.230  15.704  15.704  15.713  16.988  29.013  29.013  19.069
            0.000000  0.000000  0.500000
  -0.942  15.442  15.442  15.410  16.175  29.418  29.545  18.829
            0.000000  0.000000  0.533333
  -0.635  15.196  15.196  15.127  15.375  29.691  30.058  18.598
            0.000000  0.000000  0.566667
  -0.309  14.967  14.967  14.862  14.588  29.977  30.554  18.379
            0.000000  0.000000  0.600000
   0.036  14.756  14.756  14.616  13.815  30.276  31.031  18.172
            0.000000  0.000000  0.633333
   0.399  14.561  14.561  14.389  13.057  30.586  31.490  17.978
            0.000000  0.000000  0.666667
   0.781  14.382  14.382  14.182  12.314  30.904  31.932  17.799
            0.000000  0.000000  0.700000
   1.181  14.221  14.221  13.994  11.587  31.230  32.359  17.634
            0.000000  0.000000  0.733333
   1.599  14.077  14.077  13.826  10.876  31.558  32.768  17.485
            0.000000  0.000000  0.766667
   2.034  13.950  13.950  13.677  10.183  31.884  33.160  17.353
            0.000000  0.000000  0.800000
   2.485  13.840  13.840  13.548   9.507  32.203  33.533  17.237
            0.000000  0.000000  0.833333
   2.951  13.747  13.747  13.439   8.851  32.506  33.881  17.138
            0.000000  0.000000  0.866667
   3.429  13.671  13.671  13.350   8.217  32.782  34.198  17.057
            0.000000  0.000000  0.900000
   3.915  13.611  13.611  13.280   7.610  33.021  34.471  16.993
            0.000000  0.000000  0.933333
   4.393  13.569  13.569  13.230   7.045  33.207  34.685  16.948
            0.000000  0.000000  0.966667
   4.820  13.544  13.544  13.201   6.567  33.326  34.824  16.920
            0.000000  0.000000  1.000000
   5.028  13.535  13.535  13.191   6.341  33.367  34.874  16.911
           -0.016667  0.000000  1.000000
   5.030  13.038  13.515  13.692   6.344  33.350  34.833  16.935
           -0.033333 -0.000000  1.000000
   5.037  12.790  13.456  13.954   6.351  33.300  34.717  17.005
           -0.050000 -0.000000  1.000000
   5.048  12.532  13.362  14.235   6.363  33.219  34.533  17.117
           -0.066667  0.000000  1.000000
   5.065  12.274  13.239  14.525   6.380  33.107  34.292  17.264
           -0.083333  0.000000  1.000000
   5.085  12.020  13.094  14.821   6.402  32.966  34.006  17.442
           -0.100000 -0.000000  1.000000
   5.111  11.769  12.933  15.122   6.429  32.798  33.683  17.643
           -0.116667 -0.000000  1.000000
   5.141  11.522  12.758  15.429   6.461  32.606  33.332  17.864
           -0.133333  0.000000  1.000000
   5.175  11.280  12.575  15.740   6.497  32.391  32.959  18.101
           -0.150000  0.000000  1.000000
   5.215  11.042  12.386  16.056   6.538  32.156  32.570  18.351
           -0.166667 -0.000000  1.000000
   5.258  10.808  12.192  16.377   6.584  31.903  32.169  18.613
           -0.183333 -0.000000  1.000000
   5.307  10.579  11.997  16.702   6.634  31.635  31.757  18.883
           -0.200000  0.000000  1.000000
   5.360  10.355  11.800  17.031   6.690  31.352  31.338  19.161
           -0.216667 -0.000000  1.000000
   5.418  10.135  11.604  17.366   6.750  31.059  30.915  19.446
           -0.233333 -0.000000  1.000000
   5.480   9.920  11.409  17.704   6.814  30.756  30.487  19.737
           -0.250000  0.000000  1.000000
   5.547   9.709  11.215  18.047   6.883  30.445  30.057  20.032
           -0.266667  0.000000  1.000000
   5.619   9.503  11.023  18.395   6.957  30.127  29.624  20.332
           -0.283333  0.000000  1.000000
   5.695   9.302  10.834  18.746   7.034  29.804  29.191  20.636
           -0.300000 -0.000000  1.000000
   5.776   9.105  10.649  19.102   7.116  29.477  28.758  20.943
           -0.316667  0.000000  1.000000
   5.861   8.913   7.202  19.463  10.467  21.252  28.325  29.147
           -0.333333  0.000000  1.000000
   5.951   8.726   7.292  19.827  10.289  21.563  27.894  28.816
           -0.350000 -0.000000  1.000000
   6.046   8.543   7.385  20.196  10.115  21.874  27.463  28.485
           -0.366667 -0.000000  1.000000
   6.145   8.365   7.481  20.569   9.947  22.185  27.034  28.155
           -0.383333  0.000000  1.000000
   6.249   8.191   7.579  20.946   9.784  22.494  26.608  27.830
           -0.400000  0.000000  1.000000
   6.358   8.022   7.679  21.327   9.629  22.797  26.183  27.511
           -0.416667 -0.000000  1.000000
   6.471   7.858   7.779  21.712   9.482  23.093  25.761  27.202
           -0.433333  0.000000  1.000000
   6.589   7.698   7.876  22.101   9.346  23.374  25.341  26.910
           -0.450000  0.000000  1.000000
   6.711   7.544   7.966  22.493   9.225  23.631  24.924  26.644
           -0.466667 -0.000000  1.000000
   6.838   7.393   8.043  22.890   9.127  23.847  24.511  26.420
           -0.483333 -0.000000  1.000000
   6.970   7.247   8.097  23.290   9.060  23.997  24.100  26.266
           -0.500000  0.000000  1.000000
   7.106   7.106   8.117  23.693   9.036  24.052  23.693  26.210
           -0.500000 -0.016667  0.983333
   7.038   7.069   8.195  23.575   9.082  24.178  23.670  26.238
           -0.500000 -0.033333  0.966667
   6.873   6.965   8.388  23.372   9.211  24.406  23.602  26.319
           -0.500000 -0.050000  0.950000
   6.667   6.816   8.641  23.160   9.403  24.657  23.499  26.446
           -0.500000 -0.066667  0.933333
   6.449   6.639   8.924  22.951   9.639  24.922  23.368  26.607
           -0.500000 -0.083333  0.916667
   6.229   6.448   9.228  22.747   9.907  25.197  23.220  26.793
           -0.500000 -0.100000  0.900000
   6.012   6.251   9.548  22.551  10.197  25.480  23.060  26.997
           -0.500000 -0.116667  0.883333
   5.801   6.053   9.881  22.362  10.505  25.771  22.893  27.210
           -0.500000 -0.133333  0.866667
   5.597   5.857  10.225  22.181  10.828  26.070  22.724  27.426
           -0.500000 -0.150000  0.850000
   5.400   5.666  10.580  22.007  11.164  26.378  22.555  27.637
           -0.500000 -0.166667  0.833333
   5.212   5.480  10.945  21.841  11.510  26.692  22.388  27.833
           -0.500000 -0.183333  0.816667
   5.032   5.300  11.320  21.682  11.866  27.013  22.223  28.002
           -0.500000 -0.200000  0.800000
   4.861   5.128  11.704  21.531  12.231  27.341  22.063  28.122
           -0.500000 -0.216667  0.783333
   4.699   4.964  12.097  21.388  12.604  27.675  21.908  28.169
           -0.500000 -0.233333  0.766667
   4.546   4.808  12.499  21.253  12.984  28.014  21.758  28.114
           -0.500000 -0.250000  0.750000
   4.402   4.660  12.910  21.125  13.372  28.358  21.614  27.944
           -0.500000 -0.266667  0.733333
   4.267   4.522  13.329  21.004  13.766  28.703  21.476  27.673
           -0.500000 -0.283333  0.716667
   4.141   4.392  13.756  20.891  14.166  29.013  21.344  27.327
           -0.500000 -0.300000  0.700000
   4.025   4.271  14.191  20.784  14.571  28.638  21.217  26.934
           -0.500000 -0.316667  0.683333
   3.918   4.160  14.632  20.684  14.981  27.999  21.095  26.513
           -0.500000 -0.333333  0.666667
   3.820   4.058  15.079  20.589  15.394  27.365  20.977  26.079
           -0.500000 -0.350000  0.650000
   3.731   3.965  15.532  20.500  15.810  26.746  20.863  25.641
           -0.500000 -0.366667  0.633333
   3.652   3.882  15.988  20.414  16.227  26.145  20.749  25.208
           -0.500000 -0.383333  0.616667
   3.582   3.809  16.446  20.331  16.645  25.567  20.634  24.788
           -0.500000 -0.400000  0.600000
   3.521   3.745  16.903  20.247  17.060  25.017  20.513  24.387
           -0.500000 -0.416667  0.583333
   3.470   3.691  17.356  20.158  17.471  24.503  20.381  24.016
           -0.500000 -0.433333  0.566667
   3.428   3.647  17.800  20.057  17.874  24.037  20.232  23.686
           -0.500000 -0.450000  0.550000
   3.395   3.613  18.228  19.936  18.265  23.635  20.058  23.409
           -0.500000 -0.466667  0.533333
   3.372   3.588  18.629  19.783  18.638  23.319  19.852  23.199
           -0.500000 -0.483333  0.516667
   3.358   3.573  18.988  19.587  18.984  23.115  19.612  23.068
           -0.500000 -0.500000  0.500000
   3.353   3.568  19.233  19.233  19.399  19.399  23.023  23.044
           -0.483333 -0.483333  0.483333
   3.020   3.915  19.169  19.169  19.476  19.476  22.889  23.191
           -0.466667 -0.466667  0.466667
   2.613   4.362  19.071  19.071  19.612  19.612  22.758  23.359
           -0.450000 -0.450000  0.450000
   2.215   4.826  18.977  18.977  19.767  19.767  22.640  23.541
           -0.433333 -0.433333  0.433333
   1.829   5.305  18.895  18.895  19.938  19.938  22.534  23.734
           -0.416667 -0.416667  0.416667
   1.456   5.797  18.824  18.824  20.121  20.121  22.442  23.939
           -0.400000 -0.400000  0.400000
   1.097   6.301  18.765  18.765  20.318  20.318  22.362  24.155
           -0.383333 -0.383333  0.383333
   0.752   6.818  18.719  18.719  20.527  20.527  22.295  24.381
           -0.366667 -0.366667  0.366667
   0.421   7.347  18.685  18.685  20.748  20.748  22.241  24.619
           -0.350000 -0.350000  0.350000
   0.103   7.889  18.663  18.663  20.980  20.980  22.198  24.866
           -0.333333 -0.333333  0.333333
  -0.200   8.442  18.654  18.654  21.225  21.225  22.169  25.122
           -0.316667 -0.316667  0.316667
  -0.489   9.007  18.657  18.657  21.480  21.480  22.150  25.387
           -0.300000 -0.300000  0.300000
  -0.763   9.584  18.673  18.673  21.747  21.747  22.144  25.660
           -0.283333 -0.283333  0.283333
  -1.024  10.172  18.701  18.701  22.022  22.022  22.147  25.939
           -0.266667 -0.266667  0.266667
  -1.269  10.771  18.741  18.741  22.306  22.306  22.161  26.225
           -0.250000 -0.250000  0.250000
  -1.501  11.380  18.794  18.794  22.596  22.596  22.184  26.515
           -0.233333 -0.233333  0.233333
  -1.717  11.999  18.858  18.858  22.889  22.889  22.216  26.294
           -0.216667 -0.216667  0.216667
  -1.919  12.628  18.935  18.935  23.176  23.176  22.254  25.917
           -0.200000 -0.200000  0.200000
  -2.106  13.267  19.024  19.024  23.445  23.445  22.299  25.583
           -0.183333 -0.183333  0.183333
  -2.279  13.914  19.124  19.124  23.661  23.661  22.347  25.322
           -0.166667 -0.166667  0.166667
  -2.437  14.569  19.236  19.236  23.763  23.763  22.398  25.196
           -0.150000 -0.150000  0.150000
  -2.579  15.231  19.359  19.359  23.698  23.698  22.448  25.257
           -0.133333 -0.133333  0.133333
  -2.707  15.898  19.492  19.492  23.504  23.504  22.494  25.463
           -0.116667 -0.116667  0.116667
  -2.820  16.569  19.636  19.636  23.251  23.251  22.531  25.744
           -0.100000 -0.100000  0.100000
  -2.918  17.241  19.788  19.788  22.979  22.979  22.554  26.055
           -0.083333 -0.083333  0.083333
  -3.001  17.912  19.946  19.946  22.709  22.709  22.551  26.184
           -0.066667 -0.066667  0.066667
  -3.069  18.574  20.108  20.108  22.450  22.450  22.508  25.606
           -0.050000 -0.050000  0.050000
  -3.121  19.217  20.266  20.266  22.214  22.214  22.403  25.100
           -0.033333 -0.033333  0.033333
  -3.159  19.820  20.410  20.410  22.015  22.015  22.216  24.709
           -0.016667 -0.016667  0.016667
  -3.182  20.325  20.517  20.517  21.873  21.873  21.968  24.466
            0.000000  0.000000  0.000000
  -3.189  20.558  20.558  20.558  21.821  21.821  21.821  24.386
            0.000000  0.000000  0.033333
  -3.179  20.391  20.391  20.474  21.796  22.002  22.002  24.490
            0.000000  0.000000  0.066667
  -3.149  20.035  20.035  20.244  21.725  22.400  22.400  24.781
            0.000000  0.000000  0.100000
  -3.099  19.626  19.626  19.917  21.609  22.879  22.879  25.208
            0.000000  0.000000  0.133333
  -3.028  19.208  19.208  19.536  21.456  23.394  23.394  25.461
            0.000000  0.000000  0.166667
  -2.938  18.795  18.795  19.128  21.271  23.932  23.932  24.659
            0.000000  0.000000  0.200000
  -2.828  18.392  18.392  18.711  21.060  24.484  24.484  23.821
            0.000000  0.000000  0.233333
  -2.697  18.002  18.002  18.294  20.829  25.046  25.046  22.964
            0.000000  0.000000  0.266667
  -2.547  17.626  17.626  17.884  20.583  25.617  25.617  22.101
            0.000000  0.000000  0.300000
  -2.376  17.265  17.265  17.484  20.325  26.191  26.191  21.240
            0.000000  0.000000  0.333333
  -2.186  16.921  16.921  17.098  20.042  26.767  26.767  20.402
            0.000000  0.000000  0.366667
  -1.977  16.592  16.592  16.727  19.470  27.340  27.340  19.858
            0.000000  0.000000  0.400000
  -1.747  16.279  16.279  16.371  18.644  27.908  27.908  19.578
            0.000000  0.000000  0.433333
  -1.498  15.983  15.983  16.033  17.812  28.467  28.467  19.319
            0.000000  0.000000  0.466667
  -1.230  15.704  15.704  15.713  16.988  29.013  29.013  19.069
            0.000000  0.000000  0.500000
  -0.942  15.442  15.442  15.410  16.175  29.418  29.545  18.829
            0.000000  0.000000  0.533333
  -0.635  15.196  15.196  15.127  15.375  29.691  30.058  18.598
            0.000000  0.000000  0.566667
  -0.309  14.967  14.967  14.862  14.588  29.977  30.554  18.379
            0.000000  0.000000  0.600000
   0.036  14.756  14.756  14.616  13.815  30.276  31.031  18.172
            0.000000  0.000000  0.633333
   0.399  14.561  14.561  14.389  13.057  30.586  31.490  17.978
            0.000000  0.000000  0.666667
   0.781  14.382  14.382  14.182  12.314  30.904  31.932  17.799
            0.000000  0.000000  0.700000
   1.181  14.221  14.221  13.994  11.587  31.230  32.359  17.634
            0.000000  0.000000  0.733333
   1.599  14.077  14.077  13.826  10.876  31.558  32.768  17.485
            0.000000  0.000000  0.766667
   2.034  13.950  13.950  13.677  10.183  31.884  33.160  17.353
            0.000000  0.000000  0.800000
   2.485  13.840  13.840  13.548   9.507  32.203  33.533  17.237
            0.000000  0.000000  0.833333
   2.951  13.747  13.747  13.439   8.851  32.506  33.881  17.138
            0.000000  0.000000  0.866667
   3.429  13.671  13.671  13.350   8.217  32.782  34.198  17.057
            0.000000  0.000000  0.900000
   3.915  13.611  13.611  13.280   7.610  33.021  34.471  16.993
            0.000000  0.000000  0.933333
   4.393  13.569  13.569  13.230   7.045  33.207  34.685  16.948
            0.000000  0.000000  0.966667
   4.820  13.544  13.544  13.201   6.567  33.326  34.824  16.920
            0.000000  0.000000  1.000000
   5.028  13.535  13.535  13.191   6.341  33.367  34.874  16.911
