0	-11.2713	12.4757	12.4757	12.4757	13.7387	13.7387	13.7387	16.3037	
0.03333	-11.2613	12.3087	12.3087	12.3917	13.7137	13.9197	13.9197	16.4077	
0.06667	-11.2313	11.9527	11.9527	12.1617	13.6427	14.3177	14.3177	16.6987	
0.1	-11.1813	11.5437	11.5437	11.8347	13.5267	14.7967	14.7967	17.1257	
0.13333	-11.1103	11.1257	11.1257	11.4537	13.3737	15.3117	15.3117	17.3787	
0.16667	-11.0203	10.7127	10.7127	11.0457	13.1887	15.8497	15.8497	16.5767	
0.2	-10.9103	10.3097	10.3097	10.6287	12.9777	16.4017	16.4017	15.7387	
0.23333	-10.7793	9.9197	9.9197	10.2117	12.7467	16.9637	16.9637	14.8817	
0.26667	-10.6293	9.5437	9.5437	9.8017	12.5007	17.5347	17.5347	14.0187	
0.3	-10.4583	9.1827	9.1827	9.4017	12.2427	18.1087	18.1087	13.1577	
0.33333	-10.2683	8.8387	8.8387	9.0157	11.9597	18.6847	18.6847	12.3197	
0.36667	-10.0593	8.5097	8.5097	8.6447	11.3877	19.2577	19.2577	11.7757	
0.4	-9.8293	8.1967	8.1967	8.2887	10.5617	19.8257	19.8257	11.4957	
0.43333	-9.5803	7.9007	7.9007	7.9507	9.7297	20.3847	20.3847	11.2367	
0.46667	-9.3123	7.6217	7.6217	7.6307	8.9057	20.9307	20.9307	10.9867	
0.5	-9.0243	7.3597	7.3597	7.3277	8.0927	21.3357	21.4627	10.7467	
0.53333	-8.7173	7.1137	7.1137	7.0447	7.2927	21.6087	21.9757	10.5157	
0.56667	-8.3913	6.8847	6.8847	6.7797	6.5057	21.8947	22.4717	10.2967	
0.6	-8.0463	6.6737	6.6737	6.5337	5.7327	22.1937	22.9487	10.0897	
0.63333	-7.6833	6.4787	6.4787	6.3067	4.9747	22.5037	23.4077	9.8957	
0.66667	-7.3013	6.2997	6.2997	6.0997	4.2317	22.8217	23.8497	9.7167	
0.7	-6.9013	6.1387	6.1387	5.9117	3.5047	23.1477	24.2767	9.5517	
0.73333	-6.4833	5.9947	5.9947	5.7437	2.7937	23.4757	24.6857	9.4027	
0.76667	-6.0483	5.8677	5.8677	5.5947	2.1007	23.8017	25.0777	9.2707	
0.8	-5.5973	5.7577	5.7577	5.4657	1.4247	24.1207	25.4507	9.1547	
0.83333	-5.1313	5.6647	5.6647	5.3567	0.7687	24.4237	25.7987	9.0557	
0.86667	-4.6533	5.5887	5.5887	5.2677	0.1347	24.6997	26.1157	8.9747	
0.9	-4.1673	5.5287	5.5287	5.1977	-0.4723	24.9387	26.3887	8.9107	
0.93333	-3.6893	5.4867	5.4867	5.1477	-1.0373	25.1247	26.6027	8.8657	
0.96667	-3.2623	5.4617	5.4617	5.1187	-1.5153	25.2437	26.7417	8.8377	
1	-3.0543	5.4527	5.4527	5.1087	-1.7413	25.2847	26.7917	8.8287	
1.01667	-3.0523	4.9557	5.4327	5.6097	-1.7383	25.2677	26.7507	8.8527	
1.03333	-3.0453	4.7077	5.3737	5.8717	-1.7313	25.2177	26.6347	8.9227	
1.05	-3.0343	4.4497	5.2797	6.1527	-1.7193	25.1367	26.4507	9.0347	
1.06667	-3.0173	4.1917	5.1567	6.4427	-1.7023	25.0247	26.2097	9.1817	
1.08333	-2.9973	3.9377	5.0117	6.7387	-1.6803	24.8837	25.9237	9.3597	
1.1	-2.9713	3.6867	4.8507	7.0397	-1.6533	24.7157	25.6007	9.5607	
1.11667	-2.9413	3.4397	4.6757	7.3467	-1.6213	24.5237	25.2497	9.7817	
1.13333	-2.9073	3.1977	4.4927	7.6577	-1.5853	24.3087	24.8767	10.0187	
1.15	-2.8673	2.9597	4.3037	7.9737	-1.5443	24.0737	24.4877	10.2687	
1.16667	-2.8243	2.7257	4.1097	8.2947	-1.4983	23.8207	24.0867	10.5307	
1.18333	-2.7753	2.4967	3.9147	8.6197	-1.4483	23.5527	23.6747	10.8007	
1.2	-2.7223	2.2727	3.7177	8.9487	-1.3923	23.2697	23.2557	11.0787	
1.21667	-2.6643	2.0527	3.5217	9.2837	-1.3323	22.9767	22.8327	11.3637	
1.23333	-2.6023	1.8377	3.3267	9.6217	-1.2683	22.6737	22.4047	11.6547	
1.25	-2.5353	1.6267	3.1327	9.9647	-1.1993	22.3627	21.9747	11.9497	
1.26667	-2.4633	1.4207	2.9407	10.3127	-1.1253	22.0447	21.5417	12.2497	
1.28333	-2.3873	1.2197	2.7517	10.6637	-1.0483	21.7217	21.1087	12.5537	
1.3	-2.3063	1.0227	2.5667	11.0197	-0.9663	21.3947	20.6757	12.8607	
1.31667	-2.2213	0.8307	-0.8803	11.3807	2.3847	13.1697	20.2427	21.0647	
1.33333	-2.1313	0.6437	-0.7903	11.7447	2.2067	13.4807	19.8117	20.7337	
1.35	-2.0363	0.4607	-0.6973	12.1137	2.0327	13.7917	19.3807	20.4027	
1.36667	-1.9373	0.2827	-0.6013	12.4867	1.8647	14.1027	18.9517	20.0727	
1.38333	-1.8333	0.1087	-0.5033	12.8637	1.7017	14.4117	18.5257	19.7477	
1.4	-1.7243	-0.0603	-0.4033	13.2447	1.5467	14.7147	18.1007	19.4287	
1.41667	-1.6113	-0.2243	-0.3033	13.6297	1.3997	15.0107	17.6787	19.1197	
1.43333	-1.4933	-0.3843	-0.2063	14.0187	1.2637	15.2917	17.2587	18.8277	
1.45	-1.3713	-0.5383	-0.1163	14.4107	1.1427	15.5487	16.8417	18.5617	
1.46667	-1.2443	-0.6893	-0.0393	14.8077	1.0447	15.7647	16.4287	18.3377	
1.48333	-1.1123	-0.8353	0.0147	15.2077	0.9777	15.9147	16.0177	18.1837	
1.5	-0.9763	-0.9763	0.0347	15.6107	0.9537	15.9697	15.6107	18.1277	
1.52357	-1.0443	-1.0133	0.1127	15.4927	0.9997	16.0957	15.5877	18.1557	
1.54714	-1.2093	-1.1173	0.3057	15.2897	1.1287	16.3237	15.5197	18.2367	
1.57071	-1.4153	-1.2663	0.5587	15.0777	1.3207	16.5747	15.4167	18.3637	
1.59428	-1.6333	-1.4433	0.8417	14.8687	1.5567	16.8397	15.2857	18.5247	
1.61785	-1.8533	-1.6343	1.1457	14.6647	1.8247	17.1147	15.1377	18.7107	
1.64142	-2.0703	-1.8313	1.4657	14.4687	2.1147	17.3977	14.9777	18.9147	
1.66499	-2.2813	-2.0293	1.7987	14.2797	2.4227	17.6887	14.8107	19.1277	
1.68856	-2.4853	-2.2253	2.1427	14.0987	2.7457	17.9877	14.6417	19.3437	
1.71213	-2.6823	-2.4163	2.4977	13.9247	3.0817	18.2957	14.4727	19.5547	
1.7357	-2.8703	-2.6023	2.8627	13.7587	3.4277	18.6097	14.3057	19.7507	
1.75927	-3.0503	-2.7823	3.2377	13.5997	3.7837	18.9307	14.1407	19.9197	
1.78284	-3.2213	-2.9543	3.6217	13.4487	4.1487	19.2587	13.9807	20.0397	
1.80641	-3.3833	-3.1183	4.0147	13.3057	4.5217	19.5927	13.8257	20.0867	
1.82998	-3.5363	-3.2743	4.4167	13.1707	4.9017	19.9317	13.6757	20.0317	
1.85355	-3.6803	-3.4223	4.8277	13.0427	5.2897	20.2757	13.5317	19.8617	
1.87712	-3.8153	-3.5603	5.2467	12.9217	5.6837	20.6207	13.3937	19.5907	
1.90069	-3.9413	-3.6903	5.6737	12.8087	6.0837	20.9307	13.2617	19.2447	
1.92426	-4.0573	-3.8113	6.1087	12.7017	6.4887	20.5557	13.1347	18.8517	
1.94783	-4.1643	-3.9223	6.5497	12.6017	6.8987	19.9167	13.0127	18.4307	
1.9714	-4.2623	-4.0243	6.9967	12.5067	7.3117	19.2827	12.8947	17.9967	
1.99497	-4.3513	-4.1173	7.4497	12.4177	7.7277	18.6637	12.7807	17.5587	
2.01855	-4.4303	-4.2003	7.9057	12.3317	8.1447	18.0627	12.6667	17.1257	
2.04211	-4.5003	-4.2733	8.3637	12.2487	8.5627	17.4847	12.5517	16.7057	
2.06569	-4.5613	-4.3373	8.8207	12.1647	8.9777	16.9347	12.4307	16.3047	
2.08926	-4.6123	-4.3913	9.2737	12.0757	9.3887	16.4207	12.2987	15.9337	
2.11283	-4.6543	-4.4353	9.7177	11.9747	9.7917	15.9547	12.1497	15.6037	
2.1364	-4.6873	-4.4693	10.1457	11.8537	10.1827	15.5527	11.9757	15.3267	
2.15997	-4.7103	-4.4943	10.5467	11.7007	10.5557	15.2367	11.7697	15.1167	
2.18354	-4.7243	-4.5093	10.9057	11.5047	10.9017	15.0327	11.5297	14.9857	
2.20711	-4.7293	-4.5143	11.1507	11.1507	11.3167	11.3167	14.9407	14.9617	
2.23597	-5.0623	-4.1673	11.0867	11.0867	11.3937	11.3937	14.8067	15.1087	
2.26484	-5.4693	-3.7203	10.9887	10.9887	11.5297	11.5297	14.6757	15.2767	
2.29371	-5.8673	-3.2563	10.8947	10.8947	11.6847	11.6847	14.5577	15.4587	
2.32258	-6.2533	-2.7773	10.8127	10.8127	11.8557	11.8557	14.4517	15.6517	
2.35144	-6.6263	-2.2853	10.7417	10.7417	12.0387	12.0387	14.3597	15.8567	
2.38031	-6.9853	-1.7813	10.6827	10.6827	12.2357	12.2357	14.2797	16.0727	
2.40918	-7.3303	-1.2643	10.6367	10.6367	12.4447	12.4447	14.2127	16.2987	
2.43805	-7.6613	-0.7353	10.6027	10.6027	12.6657	12.6657	14.1587	16.5367	
2.46691	-7.9793	-0.1933	10.5807	10.5807	12.8977	12.8977	14.1157	16.7837	
2.49578	-8.2823	0.3597	10.5717	10.5717	13.1427	13.1427	14.0867	17.0397	
2.52465	-8.5713	0.9247	10.5747	10.5747	13.3977	13.3977	14.0677	17.3047	
2.55352	-8.8453	1.5017	10.5907	10.5907	13.6647	13.6647	14.0617	17.5777	
2.58239	-9.1063	2.0897	10.6187	10.6187	13.9397	13.9397	14.0647	17.8567	
2.61125	-9.3513	2.6887	10.6587	10.6587	14.2237	14.2237	14.0787	18.1427	
2.64012	-9.5833	3.2977	10.7117	10.7117	14.5137	14.5137	14.1017	18.4327	
2.66899	-9.7993	3.9167	10.7757	10.7757	14.8067	14.8067	14.1337	18.2117	
2.69785	-10.0013	4.5457	10.8527	10.8527	15.0937	15.0937	14.1717	17.8347	
2.72672	-10.1883	5.1847	10.9417	10.9417	15.3627	15.3627	14.2167	17.5007	
2.75559	-10.3613	5.8317	11.0417	11.0417	15.5787	15.5787	14.2647	17.2397	
2.78446	-10.5193	6.4867	11.1537	11.1537	15.6807	15.6807	14.3157	17.1137	
2.81332	-10.6613	7.1487	11.2767	11.2767	15.6157	15.6157	14.3657	17.1747	
2.84219	-10.7893	7.8157	11.4097	11.4097	15.4217	15.4217	14.4117	17.3807	
2.87106	-10.9023	8.4867	11.5537	11.5537	15.1687	15.1687	14.4487	17.6617	
2.89993	-11.0003	9.1587	11.7057	11.7057	14.8967	14.8967	14.4717	17.9727	
2.9288	-11.0833	9.8297	11.8637	11.8637	14.6267	14.6267	14.4687	18.1017	
2.95766	-11.1513	10.4917	12.0257	12.0257	14.3677	14.3677	14.4257	17.5237	
2.98653	-11.2033	11.1347	12.1837	12.1837	14.1317	14.1317	14.3207	17.0177	
3.0154	-11.2413	11.7377	12.3277	12.3277	13.9327	13.9327	14.1337	16.6267	
3.04426	-11.2643	12.2427	12.4347	12.4347	13.7907	13.7907	13.8857	16.3837	
3.07313	-11.2713	12.4757	12.4757	12.4757	13.7387	13.7387	13.7387	16.3037	
3.10647	-11.2613	12.3087	12.3087	12.3917	13.7137	13.9197	13.9197	16.4077	
3.1398	-11.2313	11.9527	11.9527	12.1617	13.6427	14.3177	14.3177	16.6987	
3.17313	-11.1813	11.5437	11.5437	11.8347	13.5267	14.7967	14.7967	17.1257	
3.20647	-11.1103	11.1257	11.1257	11.4537	13.3737	15.3117	15.3117	17.3787	
3.2398	-11.0203	10.7127	10.7127	11.0457	13.1887	15.8497	15.8497	16.5767	
3.27313	-10.9103	10.3097	10.3097	10.6287	12.9777	16.4017	16.4017	15.7387	
3.30647	-10.7793	9.9197	9.9197	10.2117	12.7467	16.9637	16.9637	14.8817	
3.3398	-10.6293	9.5437	9.5437	9.8017	12.5007	17.5347	17.5347	14.0187	
3.37313	-10.4583	9.1827	9.1827	9.4017	12.2427	18.1087	18.1087	13.1577	
3.40647	-10.2683	8.8387	8.8387	9.0157	11.9597	18.6847	18.6847	12.3197	
3.4398	-10.0593	8.5097	8.5097	8.6447	11.3877	19.2577	19.2577	11.7757	
3.47313	-9.8293	8.1967	8.1967	8.2887	10.5617	19.8257	19.8257	11.4957	
3.50647	-9.5803	7.9007	7.9007	7.9507	9.7297	20.3847	20.3847	11.2367	
3.5398	-9.3123	7.6217	7.6217	7.6307	8.9057	20.9307	20.9307	10.9867	
3.57313	-9.0243	7.3597	7.3597	7.3277	8.0927	21.3357	21.4627	10.7467	
3.60647	-8.7173	7.1137	7.1137	7.0447	7.2927	21.6087	21.9757	10.5157	
3.6398	-8.3913	6.8847	6.8847	6.7797	6.5057	21.8947	22.4717	10.2967	
3.67313	-8.0463	6.6737	6.6737	6.5337	5.7327	22.1937	22.9487	10.0897	
3.70647	-7.6833	6.4787	6.4787	6.3067	4.9747	22.5037	23.4077	9.8957	
3.7398	-7.3013	6.2997	6.2997	6.0997	4.2317	22.8217	23.8497	9.7167	
3.77313	-6.9013	6.1387	6.1387	5.9117	3.5047	23.1477	24.2767	9.5517	
3.80647	-6.4833	5.9947	5.9947	5.7437	2.7937	23.4757	24.6857	9.4027	
3.8398	-6.0483	5.8677	5.8677	5.5947	2.1007	23.8017	25.0777	9.2707	
3.87313	-5.5973	5.7577	5.7577	5.4657	1.4247	24.1207	25.4507	9.1547	
3.90647	-5.1313	5.6647	5.6647	5.3567	0.7687	24.4237	25.7987	9.0557	
3.9398	-4.6533	5.5887	5.5887	5.2677	0.1347	24.6997	26.1157	8.9747	
3.97313	-4.1673	5.5287	5.5287	5.1977	-0.4723	24.9387	26.3887	8.9107	
4.00647	-3.6893	5.4867	5.4867	5.1477	-1.0373	25.1247	26.6027	8.8657	
4.0398	-3.2623	5.4617	5.4617	5.1187	-1.5153	25.2437	26.7417	8.8377	
4.07313	-3.0543	5.4527	5.4527	5.1087	-1.7413	25.2847	26.7917	8.8287	