 &plot nbnd=   8, nks=   151 /
           -0.500000  0.500000  0.500000
   -3.533   -0.926    4.854    4.854    7.543    9.385    9.385   13.612
           -0.483333  0.483333  0.483333
   -3.549   -0.903    4.856    4.856    7.545    9.388    9.388   13.615
           -0.466667  0.466667  0.466667
   -3.596   -0.835    4.862    4.862    7.552    9.395    9.395   13.626
           -0.450000  0.450000  0.450000
   -3.670   -0.727    4.872    4.872    7.564    9.406    9.406   13.644
           -0.433333  0.433333  0.433333
   -3.764   -0.585    4.886    4.886    7.580    9.421    9.421   13.668
           -0.416667  0.416667  0.416667
   -3.873   -0.415    4.904    4.904    7.600    9.440    9.440   13.696
           -0.400000  0.400000  0.400000
   -3.992   -0.221    4.926    4.926    7.625    9.461    9.461   13.728
           -0.383333  0.383333  0.383333
   -4.116   -0.007    4.952    4.952    7.654    9.484    9.484   13.759
           -0.366667  0.366667  0.366667
   -4.244    0.222    4.982    4.982    7.688    9.508    9.508   13.784
           -0.350000  0.350000  0.350000
   -4.372    0.466    5.015    5.015    7.726    9.531    9.531   13.791
           -0.333333  0.333333  0.333333
   -4.499    0.721    5.053    5.053    7.768    9.552    9.552   13.764
           -0.316667  0.316667  0.316667
   -4.623    0.986    5.094    5.094    7.814    9.568    9.568   13.682
           -0.300000  0.300000  0.300000
   -4.744    1.261    5.139    5.139    7.864    9.578    9.578   13.534
           -0.283333  0.283333  0.283333
   -4.861    1.544    5.187    5.187    7.918    9.580    9.580   13.329
           -0.266667  0.266667  0.266667
   -4.972    1.834    5.239    5.239    7.975    9.571    9.571   13.088
           -0.250000  0.250000  0.250000
   -5.079    2.130    5.294    5.294    8.035    9.550    9.550   12.825
           -0.233333  0.233333  0.233333
   -5.179    2.432    5.351    5.351    8.097    9.516    9.516   12.549
           -0.216667  0.216667  0.216667
   -5.273    2.738    5.412    5.412    8.162    9.468    9.468   12.265
           -0.200000  0.200000  0.200000
   -5.362    3.048    5.474    5.474    8.229    9.408    9.408   11.976
           -0.183333  0.183333  0.183333
   -5.443    3.361    5.538    5.538    8.296    9.336    9.336   11.683
           -0.166667  0.166667  0.166667
   -5.518    3.675    5.603    5.603    8.362    9.256    9.256   11.390
           -0.150000  0.150000  0.150000
   -5.586    3.990    5.668    5.668    8.428    9.169    9.169   11.096
           -0.133333  0.133333  0.133333
   -5.647    4.302    5.733    5.733    8.490    9.079    9.079   10.805
           -0.116667  0.116667  0.116667
   -5.702    4.610    5.795    5.795    8.548    8.989    8.989   10.520
           -0.100000  0.100000  0.100000
   -5.749    4.909    5.855    5.855    8.597    8.902    8.902   10.244
           -0.083333  0.083333  0.083333
   -5.789    5.195    5.910    5.910    8.636    8.822    8.822    9.986
           -0.066667  0.066667  0.066667
   -5.821    5.461    5.958    5.958    8.659    8.750    8.750    9.754
           -0.050000  0.050000  0.050000
   -5.847    5.696    5.998    5.998    8.663    8.692    8.692    9.563
           -0.033333  0.033333  0.033333
   -5.865    5.884    6.028    6.028    8.647    8.648    8.648    9.425
           -0.016667  0.016667  0.016667
   -5.876    6.009    6.047    6.047    8.620    8.620    8.623    9.345
            0.000000  0.000000  0.000000
   -5.880    6.053    6.053    6.053    8.611    8.611    8.611    9.320
           -0.033333  0.000000  0.000000
   -5.875    6.020    6.032    6.032    8.598    8.638    8.638    9.353
           -0.066667  0.000000  0.000000
   -5.860    5.923    5.971    5.971    8.561    8.716    8.716    9.446
           -0.100000  0.000000  0.000000
   -5.836    5.774    5.877    5.877    8.501    8.839    8.839    9.588
           -0.133333  0.000000  0.000000
   -5.802    5.583    5.759    5.759    8.421    8.999    8.999    9.764
           -0.166667  0.000000  0.000000
   -5.758    5.362    5.623    5.623    8.325    9.187    9.187    9.955
           -0.200000  0.000000  0.000000
   -5.705    5.119    5.476    5.476    8.217    9.398    9.398   10.142
           -0.233333  0.000000  0.000000
   -5.642    4.860    5.323    5.323    8.100    9.626    9.626   10.297
           -0.266667  0.000000  0.000000
   -5.569    4.590    5.168    5.168    7.977    9.867    9.867   10.389
           -0.300000  0.000000  0.000000
   -5.487    4.312    5.012    5.012    7.851   10.120   10.120   10.386
           -0.333333  0.000000  0.000000
   -5.395    4.028    4.859    4.859    7.724   10.285   10.382   10.382
           -0.366667  0.000000  0.000000
   -5.294    3.739    4.709    4.709    7.599   10.109   10.650   10.650
           -0.400000  0.000000  0.000000
   -5.184    3.447    4.563    4.563    7.476    9.887   10.926   10.926
           -0.433333  0.000000  0.000000
   -5.064    3.152    4.422    4.422    7.358    9.642   11.206   11.206
           -0.466667  0.000000  0.000000
   -4.935    2.856    4.288    4.288    7.245    9.389   11.491   11.491
           -0.500000  0.000000  0.000000
   -4.797    2.559    4.160    4.160    7.139    9.135   11.779   11.779
           -0.533333  0.000000  0.000000
   -4.650    2.261    4.039    4.039    7.040    8.886   12.071   12.071
           -0.566667  0.000000  0.000000
   -4.494    1.963    3.925    3.925    6.949    8.645   12.366   12.366
           -0.600000  0.000000  0.000000
   -4.329    1.665    3.819    3.819    6.867    8.415   12.664   12.664
           -0.633333  0.000000  0.000000
   -4.155    1.368    3.721    3.721    6.794    8.196   12.964   12.964
           -0.666667  0.000000  0.000000
   -3.973    1.072    3.631    3.631    6.730    7.991   13.267   13.267
           -0.700000  0.000000  0.000000
   -3.783    0.777    3.549    3.549    6.677    7.799   13.572   13.572
           -0.733333  0.000000  0.000000
   -3.585    0.485    3.475    3.475    6.634    7.621   13.878   13.878
           -0.766667  0.000000  0.000000
   -3.378    0.195    3.409    3.409    6.602    7.458   14.187   14.187
           -0.800000  0.000000  0.000000
   -3.164   -0.093    3.353    3.353    6.581    7.308   14.496   14.496
           -0.833333  0.000000  0.000000
   -2.943   -0.376    3.304    3.304    6.571    7.173   14.806   14.806
           -0.866667  0.000000  0.000000
   -2.714   -0.657    3.265    3.265    6.574    7.053   15.114   15.114
           -0.900000  0.000000  0.000000
   -2.478   -0.933    3.234    3.234    6.588    6.946   15.416   15.416
           -0.933333  0.000000  0.000000
   -2.235   -1.204    3.212    3.212    6.615    6.853   15.703   15.703
           -0.966667  0.000000  0.000000
   -1.986   -1.470    3.199    3.199    6.655    6.774   15.945   15.945
           -1.000000  0.000000  0.000000
   -1.731   -1.731    3.194    3.194    6.708    6.708   16.055   16.055
           -1.000000  0.008333  0.008333
   -1.731   -1.730    3.190    3.195    6.708    6.714   16.048   16.051
           -1.000000  0.016667  0.016667
   -1.732   -1.728    3.177    3.196    6.710    6.733   16.029   16.040
           -1.000000  0.025000  0.025000
   -1.733   -1.725    3.156    3.199    6.713    6.764   15.997   16.021
           -1.000000  0.033333  0.033333
   -1.735   -1.721    3.127    3.202    6.717    6.807   15.954   15.996
           -1.000000  0.041667  0.041667
   -1.737   -1.715    3.091    3.207    6.722    6.860   15.900   15.963
           -1.000000  0.050000  0.050000
   -1.740   -1.708    3.049    3.212    6.728    6.925   15.838   15.925
           -1.000000  0.058333  0.058333
   -1.743   -1.699    3.001    3.218    6.735    6.999   15.768   15.881
           -1.000000  0.066667  0.066667
   -1.747   -1.689    2.948    3.226    6.744    7.081   15.691   15.832
           -1.000000  0.075000  0.075000
   -1.752   -1.678    2.891    3.234    6.754    7.173   15.609   15.778
           -1.000000  0.083333  0.083333
   -1.757   -1.666    2.831    3.243    6.764    7.271   15.522   15.719
           -1.000000  0.091667  0.091667
   -1.763   -1.652    2.768    3.253    6.776    7.376   15.431   15.657
           -1.000000  0.100000  0.100000
   -1.770   -1.637    2.704    3.265    6.789    7.488   15.337   15.592
           -1.000000  0.108333  0.108333
   -1.778   -1.621    2.638    3.277    6.803    7.605   15.240   15.524
           -1.000000  0.116667  0.116667
   -1.787   -1.603    2.571    3.290    6.818    7.727   15.141   15.454
           -1.000000  0.125000  0.125000
   -1.797   -1.584    2.504    3.304    6.835    7.855   15.041   15.381
           -1.000000  0.133333  0.133333
   -1.808   -1.564    2.438    3.319    6.852    7.986   14.939   15.306
           -1.000000  0.141667  0.141667
   -1.820   -1.542    2.372    3.335    6.870    8.121   14.836   15.230
           -1.000000  0.150000  0.150000
   -1.834   -1.519    2.308    3.352    6.890    8.260   14.733   15.152
           -1.000000  0.158333  0.158333
   -1.850   -1.495    2.244    3.370    6.910    8.402   14.629   15.073
           -1.000000  0.166667  0.166667
   -1.866   -1.470    2.183    3.388    6.932    8.548   14.524   14.993
           -1.000000  0.175000  0.175000
   -1.885   -1.443    2.124    3.408    6.955    8.696   14.419   14.913
           -1.000000  0.183333  0.183333
   -1.905   -1.415    2.067    3.428    6.979    8.847   14.314   14.831
           -1.000000  0.191667  0.191667
   -1.927   -1.385    2.012    3.450    7.003    9.000   14.209   14.733
           -1.000000  0.200000  0.200000
   -1.951   -1.355    1.961    3.472    7.029    9.156   14.105   14.621
           -1.000000  0.208333  0.208333
   -1.976   -1.323    1.912    3.495    7.056    9.313   14.000   14.510
           -1.000000  0.216667  0.216667
   -2.004   -1.290    1.867    3.519    7.084    9.473   13.896   14.399
           -1.000000  0.225000  0.225000
   -2.034   -1.255    1.825    3.544    7.113    9.635   13.792   14.290
           -1.000000  0.233333  0.233333
   -2.066   -1.219    1.786    3.570    7.143    9.798   13.689   14.182
           -1.000000  0.241667  0.241667
   -2.100   -1.182    1.751    3.596    7.174    9.963   13.586   14.075
           -1.000000  0.250000  0.250000
   -2.136   -1.144    1.720    3.623    7.205   10.129   13.484   13.969
           -0.991667  0.266667  0.241667
   -2.155   -1.123    1.708    3.628    7.236   10.213   13.381   13.929
           -0.983333  0.283333  0.233333
   -2.176   -1.099    1.701    3.615    7.294   10.301   13.199   13.824
           -0.975000  0.300000  0.225000
   -2.198   -1.075    1.699    3.587    7.379   10.391   12.975   13.659
           -0.966667  0.316667  0.216667
   -2.219   -1.049    1.703    3.544    7.488   10.482   12.728   13.491
           -0.958333  0.333333  0.208333
   -2.241   -1.024    1.712    3.490    7.620   10.575   12.471   13.329
           -0.950000  0.350000  0.200000
   -2.261   -1.000    1.726    3.428    7.770   10.666   12.210   13.172
           -0.941667  0.366667  0.191667
   -2.279   -0.977    1.744    3.360    7.938   10.754   11.953   13.019
           -0.933333  0.383333  0.183333
   -2.296   -0.956    1.766    3.291    8.121   10.829   11.711   12.871
           -0.925000  0.400000  0.175000
   -2.312   -0.937    1.790    3.221    8.316   10.867   11.508   12.726
           -0.916667  0.416667  0.166667
   -2.325   -0.921    1.816    3.154    8.522   10.816   11.398   12.587
           -0.908333  0.433333  0.158333
   -2.336   -0.907    1.842    3.094    8.737   10.654   11.402   12.453
           -0.900000  0.450000  0.150000
   -2.344   -0.897    1.866    3.042    8.958   10.437   11.464   12.327
           -0.891667  0.466667  0.141667
   -2.351   -0.889    1.885    3.003    9.184   10.203   11.543   12.214
           -0.883333  0.483333  0.133333
   -2.354   -0.884    1.898    2.978    9.404    9.976   11.612   12.127
           -0.875000  0.500000  0.125000
   -2.356   -0.882    1.902    2.969    9.540    9.836   11.642   12.092
           -0.866667  0.516667  0.116667
   -2.354   -0.884    1.898    2.978    9.404    9.976   11.612   12.127
           -0.858333  0.533333  0.108333
   -2.351   -0.889    1.885    3.003    9.184   10.203   11.543   12.214
           -0.850000  0.550000  0.100000
   -2.344   -0.897    1.866    3.042    8.958   10.437   11.464   12.327
           -0.841667  0.566667  0.091667
   -2.336   -0.907    1.842    3.094    8.737   10.654   11.402   12.453
           -0.833333  0.583333  0.083333
   -2.325   -0.921    1.816    3.154    8.522   10.816   11.398   12.587
           -0.825000  0.600000  0.075000
   -2.312   -0.937    1.790    3.221    8.316   10.867   11.508   12.726
           -0.816667  0.616667  0.066667
   -2.296   -0.956    1.766    3.291    8.121   10.829   11.711   12.871
           -0.808333  0.633333  0.058333
   -2.279   -0.977    1.744    3.360    7.938   10.754   11.953   13.019
           -0.800000  0.650000  0.050000
   -2.261   -1.000    1.726    3.428    7.770   10.666   12.210   13.172
           -0.791667  0.666667  0.041667
   -2.241   -1.024    1.712    3.490    7.620   10.575   12.471   13.329
           -0.783333  0.683333  0.033333
   -2.219   -1.049    1.703    3.544    7.488   10.482   12.728   13.491
           -0.775000  0.700000  0.025000
   -2.198   -1.075    1.699    3.587    7.379   10.391   12.975   13.659
           -0.766667  0.716667  0.016667
   -2.176   -1.099    1.701    3.615    7.294   10.301   13.199   13.824
           -0.758333  0.733333  0.008333
   -2.155   -1.123    1.708    3.628    7.236   10.213   13.381   13.929
           -0.750000  0.750000  0.000000
   -2.136   -1.144    1.720    3.623    7.205   10.129   13.484   13.969
           -0.725000  0.725000  0.000000
   -2.256   -1.021    1.648    3.710    7.306   10.633   13.182   13.662
           -0.700000  0.700000  0.000000
   -2.395   -0.887    1.610    3.804    7.415   11.140   12.886   13.373
           -0.675000  0.675000  0.000000
   -2.549   -0.741    1.604    3.903    7.531   11.633   12.598   13.118
           -0.650000  0.650000  0.000000
   -2.716   -0.583    1.628    4.009    7.654   12.043   12.317   12.964
           -0.625000  0.625000  0.000000
   -2.893   -0.415    1.681    4.120    7.783   12.046   12.165   13.010
           -0.600000  0.600000  0.000000
   -3.077   -0.235    1.759    4.235    7.916   11.783   12.017   12.803
           -0.575000  0.575000  0.000000
   -3.265   -0.044    1.860    4.354    8.053   11.530   11.799   12.607
           -0.550000  0.550000  0.000000
   -3.454    0.158    1.981    4.476    8.192   11.286   11.567   12.424
           -0.525000  0.525000  0.000000
   -3.644    0.371    2.121    4.600    8.330   11.052   11.338   12.256
           -0.500000  0.500000  0.000000
   -3.830    0.595    2.277    4.725    8.465   10.828   11.114   12.105
           -0.475000  0.475000  0.000000
   -4.013    0.830    2.448    4.849    8.595   10.615   10.897   11.972
           -0.450000  0.450000  0.000000
   -4.191    1.075    2.633    4.972    8.715   10.411   10.690   11.861
           -0.425000  0.425000  0.000000
   -4.363    1.330    2.829    5.092    8.823   10.219   10.492   11.772
           -0.400000  0.400000  0.000000
   -4.528    1.595    3.035    5.208    8.915   10.037   10.303   11.707
           -0.375000  0.375000  0.000000
   -4.685    1.871    3.251    5.319    8.989    9.865   10.124   11.665
           -0.350000  0.350000  0.000000
   -4.834    2.155    3.475    5.423    9.041    9.704    9.955   11.642
           -0.325000  0.325000  0.000000
   -4.974    2.449    3.705    5.521    9.073    9.554    9.795   11.632
           -0.300000  0.300000  0.000000
   -5.105    2.751    3.940    5.610    9.086    9.415    9.644   11.620
           -0.275000  0.275000  0.000000
   -5.227    3.062    4.178    5.690    9.083    9.287    9.503   11.589
           -0.250000  0.250000  0.000000
   -5.339    3.379    4.417    5.761    9.067    9.170    9.370   11.514
           -0.225000  0.225000  0.000000
   -5.440    3.702    4.654    5.824    9.041    9.064    9.247   11.374
           -0.200000  0.200000  0.000000
   -5.532    4.029    4.888    5.877    8.969    9.010    9.132   11.160
           -0.175000  0.175000  0.000000
   -5.613    4.359    5.113    5.922    8.885    8.973    9.026   10.886
           -0.150000  0.150000  0.000000
   -5.683    4.687    5.328    5.960    8.813    8.929    8.933   10.575
           -0.125000  0.125000  0.000000
   -5.743    5.009    5.525    5.990    8.751    8.842    8.889   10.252
           -0.100000  0.100000  0.000000
   -5.792    5.317    5.701    6.014    8.701    8.765    8.839    9.944
           -0.075000  0.075000  0.000000
   -5.830    5.598    5.848    6.031    8.661    8.701    8.778    9.676
           -0.050000  0.050000  0.000000
   -5.858    5.833    5.959    6.044    8.633    8.652    8.707    9.476
           -0.025000  0.025000  0.000000
   -5.874    5.995    6.029    6.051    8.617    8.622    8.640    9.358
            0.000000  0.000000  0.000000
   -5.880    6.053    6.053    6.053    8.611    8.611    8.611    9.320
